step,init_q,running_discounted_reward,running_reward,running_time
0,10.0,0.0,0.0,0.0
100,10.0,-110.6461181640625,-123.10809326171875,9.925000190734863
200,10.0,-226.1201934814453,-250.30953979492188,19.303749084472656
300,-3.9874680042266846,-322.47540283203125,-358.3992919921875,28.563562393188477
400,-4.001469612121582,-429.51397705078125,-475.8352966308594,37.01038360595703
500,-7.4899582862854,-535.0062255859375,-591.9013671875,44.73486328125
600,-7.4899582862854,-630.311767578125,-696.78662109375,52.598121643066406
700,186.22425842285156,-718.1943969726562,-793.802001953125,60.14321517944336
800,198.385498046875,-805.9056396484375,-889.5941772460938,66.63605499267578
900,198.385498046875,-876.95166015625,-966.3482666015625,72.65425109863281
1000,206.43014526367188,-947.0946655273438,-1041.6396484375,78.44654083251953
1100,229.0938262939453,-1021.6262817382812,-1123.166015625,84.04920959472656
1200,232.51309204101562,-1094.0126953125,-1201.6158447265625,89.37174987792969
1300,233.79876708984375,-1162.3123779296875,-1276.8912353515625,94.77816772460938
1400,235.6282958984375,-1219.3970947265625,-1337.9066162109375,99.31425476074219
1500,235.6282958984375,-1265.7926025390625,-1390.6192626953125,103.77354431152344
1600,236.59744262695312,-1309.1402587890625,-1436.9456787109375,108.05986785888672
1700,236.63331604003906,-1351.7176513671875,-1483.0797119140625,112.35687255859375
1800,236.6616973876953,-1393.93505859375,-1530.908447265625,116.43902587890625
1900,236.6616973876953,-1435.6214599609375,-1577.5970458984375,119.96707916259766
2000,237.07138061523438,-1485.8243408203125,-1632.5740966796875,123.74372100830078
2100,237.0957489013672,-1513.310546875,-1664.6746826171875,127.8065414428711
2200,237.14886474609375,-1546.009765625,-1701.052001953125,130.2412109375
2300,237.17282104492188,-1580.6951904296875,-1739.23388671875,132.879150390625
2400,237.1879425048828,-1540.2947998046875,-1692.3878173828125,131.71018981933594
2500,237.18820190429688,-1566.691162109375,-1721.6234130859375,135.19967651367188
2600,237.18820190429688,-1612.9073486328125,-1772.400146484375,138.0146942138672
2700,237.18820190429688,-1643.742431640625,-1805.5123291015625,140.7639617919922
2800,237.1882781982422,-1691.7098388671875,-1856.5975341796875,142.80076599121094
2900,237.1882781982422,-1713.073974609375,-1880.249755859375,145.46072387695312
3000,237.18829345703125,-1760.1053466796875,-1931.474853515625,146.8376922607422
3100,237.18829345703125,-1778.78466796875,-1950.881591796875,149.39581298828125
3200,237.18829345703125,-1756.1727294921875,-1924.3236083984375,149.77601623535156
3300,237.18829345703125,-1775.7454833984375,-1945.964111328125,152.16221618652344
3400,237.18829345703125,-1791.85107421875,-1964.398681640625,154.0041046142578
3500,237.18829345703125,-1774.9063720703125,-1943.2890625,154.62890625
3600,237.18829345703125,-1790.5499267578125,-1961.8551025390625,156.74745178222656
3700,237.18829345703125,-1810.217041015625,-1984.4942626953125,158.7600860595703
3800,237.18829345703125,-1830.8358154296875,-2006.754150390625,159.82208251953125
3900,237.18829345703125,-1867.30810546875,-2045.776123046875,161.10597229003906
4000,237.18829345703125,-1884.7076416015625,-2065.846435546875,162.42567443847656
4100,237.18829345703125,-1873.9932861328125,-2053.1611328125,163.72938537597656
4200,237.18829345703125,-1889.4727783203125,-2070.612060546875,164.6679229736328
4300,237.18829345703125,-1904.7037353515625,-2087.191650390625,165.5595245361328
4400,237.18829345703125,-1919.76220703125,-2102.689453125,166.95654296875
4500,237.18829345703125,-1931.285888671875,-2116.16259765625,168.03372192382812
4600,237.18829345703125,-1948.597412109375,-2135.090087890625,168.68203735351562
4700,237.18829345703125,-1972.4263916015625,-2160.942138671875,169.97293090820312
4800,237.18829345703125,-1981.7337646484375,-2170.87939453125,170.57427978515625
4900,237.18829345703125,-1994.9560546875,-2185.07177734375,170.89556884765625
5000,237.18829345703125,-2004.11767578125,-2195.80078125,172.05079650878906
5100,237.18829345703125,-2018.1495361328125,-2210.3701171875,172.62326049804688
5200,237.18829345703125,-1979.52392578125,-2164.713623046875,171.41709899902344
5300,237.18829345703125,-1991.27490234375,-2176.962890625,171.8462371826172
5400,237.18829345703125,-1999.8349609375,-2186.472412109375,172.82891845703125
5500,237.18829345703125,-2014.9866943359375,-2202.135498046875,173.0874786376953
5600,237.18829345703125,-2037.099853515625,-2226.135986328125,173.8581085205078
5700,237.18829345703125,-2056.39990234375,-2248.4365234375,174.69020080566406
5800,237.18829345703125,-2057.006591796875,-2251.619873046875,175.98068237304688
5900,237.18829345703125,-2065.366943359375,-2261.14794921875,176.50665283203125
6000,483.5560607910156,-2063.837646484375,-2260.072265625,177.1813201904297
6100,529.7385864257812,-2074.17236328125,-2270.428955078125,177.29725646972656
6200,548.4153442382812,-2078.545654296875,-2276.26611328125,177.80738830566406
6300,548.4153442382812,-2083.552978515625,-2281.935791015625,178.3170166015625
6400,548.4153442382812,-2106.709716796875,-2307.0751953125,178.2511749267578
6500,571.7003173828125,-2070.189697265625,-2264.38525390625,175.82669067382812
6600,571.9798583984375,-2081.7666015625,-2277.90234375,176.08534240722656
6700,571.9798583984375,-2090.201171875,-2288.116455078125,176.4060821533203
6800,585.5119018554688,-2110.99267578125,-2310.443115234375,177.33578491210938
6900,589.0966186523438,-2116.67578125,-2316.1552734375,177.81898498535156
7000,593.6970825195312,-2121.6796875,-2320.457275390625,177.85304260253906
7100,595.1622924804688,-2136.255859375,-2337.291259765625,178.73538208007812
7200,595.1622924804688,-2052.51953125,-2243.668212890625,174.69862365722656
7300,604.1971435546875,-2002.2076416015625,-2186.59423828125,171.15675354003906
7400,612.8366088867188,-1966.7125244140625,-2144.752685546875,169.69891357421875
7500,615.3991088867188,-1904.485107421875,-2074.63330078125,166.1389617919922
7600,616.0629272460938,-1916.1605224609375,-2087.6337890625,167.2820281982422
7700,616.35595703125,-1930.9366455078125,-2104.363037109375,167.84292602539062
7800,616.5242919921875,-1852.1036376953125,-2016.747314453125,163.65948486328125
7900,616.5299072265625,-1833.140380859375,-1994.144775390625,163.9765167236328
8000,616.5962524414062,-1768.6834716796875,-1917.8880615234375,160.88255310058594
8100,616.61083984375,-1810.1636962890625,-1962.7294921875,161.5884246826172
8200,616.6171264648438,-1828.2200927734375,-1982.452880859375,162.58399963378906
8300,616.6200561523438,-1751.996826171875,-1898.0736083984375,158.3048095703125
8400,616.6219482421875,-1779.1678466796875,-1929.5322265625,159.16456604003906
8500,616.6251831054688,-1763.40966796875,-1911.065185546875,157.92352294921875
8600,616.6259765625,-1782.067138671875,-1933.7445068359375,159.37733459472656
8700,616.626220703125,-1816.97900390625,-1973.790771484375,160.95848083496094
8800,616.6277465820312,-1747.193115234375,-1896.46630859375,157.8855438232422
8900,616.6280517578125,-1700.9705810546875,-1843.759765625,155.36627197265625
9000,616.629150390625,-1731.989501953125,-1876.4344482421875,156.0729522705078
9100,616.629638671875,-1750.2369384765625,-1897.0941162109375,157.8693084716797
9200,616.6297607421875,-1767.5802001953125,-1917.7225341796875,159.37583923339844
9300,616.6298217773438,-1766.565185546875,-1914.3531494140625,160.65919494628906
9400,616.6298217773438,-1788.9952392578125,-1940.6212158203125,161.7262420654297
9500,616.6298217773438,-1809.6868896484375,-1963.82568359375,162.58993530273438
9600,616.6298217773438,-1796.79296875,-1947.6217041015625,162.51043701171875
9700,616.6298217773438,-1755.6185302734375,-1899.855224609375,160.659912109375
9800,616.6298217773438,-1684.8321533203125,-1820.2415771484375,157.5368194580078
9900,616.6298217773438,-1686.472900390625,-1820.3380126953125,158.9349822998047
10000,616.6298217773438,-1683.8043212890625,-1816.1844482421875,158.96322631835938
10100,616.6298217773438,-1670.77734375,-1800.8623046875,158.8150634765625
10200,616.6298217773438,-1668.2860107421875,-1795.6827392578125,158.64930725097656
10300,616.6298217773438,-1695.518798828125,-1827.8822021484375,160.016845703125
10400,616.6298217773438,-1720.9664306640625,-1857.0970458984375,161.2410125732422
10500,616.6298217773438,-1745.31689453125,-1885.7276611328125,162.3789520263672
10600,616.6298217773438,-1771.4822998046875,-1914.0540771484375,162.6850128173828
10700,616.6298217773438,-1743.5740966796875,-1881.46484375,161.3257598876953
10800,616.6298217773438,-1779.42333984375,-1921.8726806640625,162.95947265625
10900,616.6298217773438,-1763.7508544921875,-1903.51220703125,163.6114959716797
11000,616.6298217773438,-1786.1956787109375,-1930.5723876953125,164.38092041015625
11100,616.6298217773438,-1776.8074951171875,-1917.781005859375,164.2118682861328
11200,616.6298217773438,-1740.0701904296875,-1873.9000244140625,162.59121704101562
11300,616.6298217773438,-1607.148193359375,-1728.5628662109375,154.7348175048828
11400,616.6298217773438,-1604.2760009765625,-1723.9954833984375,155.22308349609375
11500,616.6298217773438,-1637.045166015625,-1762.031982421875,156.21192932128906
11600,616.6298217773438,-1582.2371826171875,-1701.5479736328125,152.97633361816406
11700,616.6298217773438,-1526.8848876953125,-1638.68408203125,149.90489196777344
11800,616.6298217773438,-1478.908447265625,-1587.802490234375,145.9254150390625
11900,616.6298217773438,-1456.13330078125,-1561.153564453125,144.37913513183594
12000,616.6298217773438,-1431.6142578125,-1535.3511962890625,142.61341857910156
12100,616.6298217773438,-1464.9456787109375,-1574.813720703125,145.63275146484375
12200,616.6298217773438,-1408.2216796875,-1512.5667724609375,142.151123046875
12300,616.6298217773438,-1405.93115234375,-1506.8031005859375,141.76763916015625
12400,616.6298217773438,-1445.23193359375,-1550.824462890625,143.25425720214844
12500,616.6298217773438,-1504.13525390625,-1616.270263671875,144.69154357910156
12600,616.6298217773438,-1462.713623046875,-1569.82568359375,142.03196716308594
12700,616.6298217773438,-1416.7491455078125,-1515.6458740234375,139.0550994873047
12800,616.6298217773438,-1452.4210205078125,-1557.0958251953125,141.8523406982422
12900,616.6298217773438,-1415.3101806640625,-1515.358642578125,139.584716796875
13000,616.6298217773438,-1415.87548828125,-1514.2015380859375,140.73048400878906
13100,616.6298217773438,-1458.7100830078125,-1561.227783203125,142.34396362304688
13200,616.6298217773438,-1465.0955810546875,-1566.276123046875,143.75177001953125
13300,616.6298217773438,-1426.9161376953125,-1526.1483154296875,140.05096435546875
13400,616.6298217773438,-1295.44873046875,-1381.5322265625,132.20370483398438
13500,616.6298217773438,-1337.6834716796875,-1430.43994140625,134.8935089111328
13600,616.6298217773438,-1321.7518310546875,-1412.903564453125,135.24884033203125
13700,616.6298217773438,-1362.3802490234375,-1459.4918212890625,137.83639526367188
13800,616.6298217773438,-1371.0057373046875,-1466.8802490234375,138.569580078125
13900,616.6298217773438,-1347.50048828125,-1439.405029296875,136.56610107421875
14000,616.6156005859375,-1379.6507568359375,-1474.98828125,137.96090698242188
14100,616.6156005859375,-1339.55615234375,-1430.854248046875,136.23785400390625
14200,616.6071166992188,-1314.5164794921875,-1401.5611572265625,134.39842224121094
14300,616.608154296875,-1240.5673828125,-1320.3404541015625,129.8333282470703
14400,616.6126708984375,-1247.7386474609375,-1326.31005859375,130.941650390625
14500,616.6170043945312,-1218.912109375,-1293.8795166015625,128.7273406982422
14600,616.6207275390625,-1267.1507568359375,-1349.418701171875,131.84097290039062
14700,616.606201171875,-1279.4361572265625,-1362.9322509765625,133.64892578125
14800,616.4562377929688,-1245.717041015625,-1325.529296875,131.41648864746094
14900,616.40869140625,-1251.1112060546875,-1329.991943359375,131.94566345214844
15000,616.38818359375,-1233.163818359375,-1309.45068359375,132.35720825195312
15100,616.4619750976562,-1248.531005859375,-1326.46435546875,133.93934631347656
15200,616.5257568359375,-1207.016845703125,-1279.47265625,131.64401245117188
15300,616.6124877929688,-1211.5013427734375,-1283.36181640625,132.4368133544922
15400,616.6251831054688,-1166.654541015625,-1232.684326171875,128.3417205810547
15500,616.6287231445312,-1128.251220703125,-1190.542236328125,126.1246337890625
15600,616.6290283203125,-1179.069091796875,-1249.2479248046875,129.16839599609375
15700,616.629150390625,-1168.17138671875,-1236.593505859375,129.2632293701172
15800,616.6293334960938,-1124.181640625,-1188.9969482421875,126.69757080078125
15900,616.6294555664062,-1151.4476318359375,-1219.6549072265625,129.68768310546875
16000,616.6295776367188,-1206.946533203125,-1282.5345458984375,131.6782989501953
16100,616.629638671875,-1251.545654296875,-1334.3890380859375,134.7943878173828
16200,616.6296997070312,-1162.5135498046875,-1237.935302734375,129.5494384765625
16300,616.6297607421875,-1162.3260498046875,-1235.7799072265625,129.17196655273438
16400,616.6298217773438,-1150.8331298828125,-1222.6884765625,129.04644775390625
16500,616.6298217773438,-1153.2154541015625,-1223.91845703125,129.2691192626953
16600,616.6298217773438,-1022.0924682617188,-1081.8553466796875,119.64318084716797
16700,616.6298217773438,-1043.1693115234375,-1104.6251220703125,121.43601989746094
16800,616.6298217773438,-996.5606079101562,-1053.67138671875,117.15225982666016
16900,616.6298217773438,-977.9666137695312,-1032.23046875,115.99464416503906
17000,616.6298217773438,-947.044189453125,-996.97314453125,114.14266967773438
17100,616.6298217773438,-969.804443359375,-1023.8761596679688,114.09375762939453
17200,616.6298217773438,-936.21533203125,-988.1646728515625,112.22836303710938
17300,616.6298217773438,-967.130126953125,-1020.9937133789062,114.5169448852539
17400,616.6298217773438,-944.8662719726562,-994.6419677734375,113.60154724121094
17500,616.6298217773438,-877.537841796875,-922.0992431640625,108.70414733886719
17600,616.6298217773438,-886.786865234375,-931.2342529296875,109.66893768310547
17700,616.6298217773438,-875.983154296875,-919.1666259765625,108.58548736572266
17800,616.6298217773438,-874.5299072265625,-917.3485107421875,109.02215576171875
17900,616.6304321289062,-793.1162109375,-830.6448974609375,103.42449188232422
18000,616.6318969726562,-722.1029663085938,-753.7975463867188,98.03463745117188
18100,616.6321411132812,-796.9210205078125,-838.0926513671875,102.03290557861328
18200,616.6322631835938,-700.5269775390625,-735.0087280273438,95.87615203857422
18300,616.6322631835938,-671.3375244140625,-703.3790283203125,93.95734405517578
18400,616.6322631835938,-720.8287353515625,-757.02001953125,95.91900634765625
18500,616.6322631835938,-799.3240966796875,-844.0333251953125,99.19805145263672
18600,616.6322631835938,-741.6903686523438,-780.389404296875,95.3145523071289
18700,616.6322631835938,-723.2017822265625,-758.4871826171875,94.77388763427734
18800,616.6322631835938,-693.2435302734375,-726.2708129882812,93.72843170166016
18900,616.6322631835938,-769.9444580078125,-811.5679931640625,98.06700897216797
19000,616.6322631835938,-737.7071533203125,-775.7335205078125,96.57672882080078
19100,616.6322631835938,-715.6155395507812,-749.6759033203125,95.20799255371094
19200,616.6322631835938,-692.202880859375,-723.6329345703125,93.84021759033203
19300,616.6322631835938,-719.5048217773438,-752.1893920898438,96.24820709228516
19400,616.6322631835938,-715.3643188476562,-745.9293823242188,96.21275329589844
19500,616.6322631835938,-728.7230834960938,-760.1785888671875,97.4932632446289
19600,616.6322631835938,-753.7553100585938,-786.28515625,99.0436019897461
19700,616.6322631835938,-748.5882568359375,-779.05224609375,98.70559692382812
19800,616.6322631835938,-707.133544921875,-734.3781127929688,95.95805358886719
19900,616.6322631835938,-726.420166015625,-753.4742431640625,96.68214416503906
20000,616.6322631835938,-700.4756469726562,-725.9382934570312,94.48563385009766
20100,616.6322631835938,-657.8309936523438,-680.3358764648438,92.11578369140625
20200,616.6322631835938,-555.8270874023438,-573.533447265625,85.46646118164062
20300,616.6322631835938,-489.6050109863281,-502.936279296875,81.867431640625
20400,616.6322631835938,-515.033447265625,-529.0867919921875,83.0478515625
20500,616.6322631835938,-498.423583984375,-511.0205383300781,82.2794418334961
20600,616.6322631835938,-505.0553894042969,-517.0977172851562,83.6534423828125
20700,616.6322631835938,-519.276123046875,-531.3488159179688,84.40848541259766
20800,616.6322631835938,-493.74462890625,-504.0964660644531,82.15615844726562
20900,616.6322631835938,-519.3207397460938,-530.276123046875,83.7571792602539
21000,616.6322631835938,-507.1836242675781,-516.8179321289062,83.43460845947266
21100,616.6322631835938,-495.9452209472656,-504.83697509765625,82.2134780883789
21200,616.6322631835938,-486.9587097167969,-495.488037109375,80.96072387695312
21300,616.6322631835938,-467.57977294921875,-474.8402404785156,80.41954803466797
21400,616.6322631835938,-487.4743347167969,-494.6426086425781,81.6761474609375
21500,616.6322631835938,-460.1702880859375,-465.8050537109375,80.08271789550781
21600,616.6322631835938,-476.99530029296875,-483.1159362792969,80.40965270996094
21700,616.6322631835938,-443.3899230957031,-447.886962890625,78.5519790649414
21800,616.6322631835938,-436.4571838378906,-440.77496337890625,78.34941101074219
21900,616.6322631835938,-413.9654846191406,-417.2646484375,77.08784484863281
22000,616.6322631835938,-435.90728759765625,-440.76611328125,79.10845184326172
22100,616.6322631835938,-513.6646118164062,-526.509521484375,82.60961151123047
22200,616.6322631835938,-509.4000549316406,-521.6798706054688,81.92913055419922
22300,616.6322631835938,-528.9887084960938,-542.5335083007812,84.94853973388672
22400,616.6322631835938,-501.3941650390625,-513.6199340820312,83.28230285644531
22500,616.6322631835938,-518.9185180664062,-531.3051147460938,83.8747787475586
22600,616.6322631835938,-474.0238342285156,-484.256591796875,80.38864135742188
22700,616.6322631835938,-498.1288757324219,-508.5728454589844,81.39450073242188
22800,616.6322631835938,-483.45263671875,-493.29974365234375,81.03353118896484
22900,616.6322631835938,-457.20037841796875,-465.3865661621094,79.67901611328125
23000,616.6322631835938,-452.1104736328125,-461.7502136230469,79.65392303466797
23100,616.6322631835938,-402.4896545410156,-409.342041015625,76.14834594726562
23200,616.6322631835938,-390.4128723144531,-396.3337707519531,75.30387878417969
23300,616.6322631835938,-311.83441162109375,-314.52978515625,70.32445526123047
23400,616.6322631835938,-331.96044921875,-335.0479736328125,71.0582275390625
23500,616.6322631835938,-350.0851135253906,-353.9986267089844,71.73373413085938
23600,616.6322631835938,-248.52828979492188,-249.40538024902344,65.73130798339844
23700,616.6322631835938,-234.19154357910156,-235.08326721191406,65.11418914794922
23800,616.6322631835938,-260.6448669433594,-261.86260986328125,66.85055541992188
23900,616.6322631835938,-219.1514434814453,-219.21353149414062,64.27762603759766
24000,616.6322631835938,-240.0045928955078,-240.47413635253906,65.88078308105469
24100,616.6322631835938,-192.8456573486328,-191.9161376953125,62.959537506103516
24200,616.6322631835938,-252.55929565429688,-254.33938598632812,66.73348236083984
24300,616.6322631835938,-231.4626007080078,-231.67337036132812,65.06124114990234
24400,616.6322631835938,-210.8885498046875,-210.19656372070312,63.79902267456055
24500,616.6322631835938,-233.10275268554688,-232.1634521484375,65.81524658203125
24600,616.6322631835938,-242.25686645507812,-241.2005157470703,65.7920150756836
24700,616.6322631835938,-203.494384765625,-201.4803009033203,63.280426025390625
24800,616.6322631835938,-221.4364013671875,-219.57196044921875,63.76255416870117
24900,616.6322631835938,-182.8968963623047,-180.30555725097656,60.63311004638672
25000,616.6322631835938,-178.7557373046875,-175.37905883789062,60.43718719482422
25100,616.6322631835938,-190.0599822998047,-186.05113220214844,61.1333122253418
25200,616.6322631835938,-208.40249633789062,-204.79454040527344,62.20156478881836
25300,616.6322631835938,-218.28765869140625,-214.74081420898438,62.26219177246094
25400,616.6322631835938,-230.50804138183594,-227.59393310546875,63.08412551879883
25500,616.6322631835938,-205.96717834472656,-202.581298828125,62.166629791259766
25600,616.6322631835938,-196.59402465820312,-192.45530700683594,61.65442657470703
25700,616.6322631835938,-226.63201904296875,-222.75323486328125,63.76811981201172
25800,616.6322631835938,-244.0074462890625,-241.9111328125,65.1407241821289
25900,616.6322631835938,-260.67901611328125,-258.8104553222656,65.83369445800781
26000,616.6322631835938,-328.4359436035156,-331.05926513671875,69.63835144042969
26100,616.6322631835938,-300.47149658203125,-301.5406188964844,67.6216812133789
26200,616.6322631835938,-264.1387023925781,-263.76507568359375,64.91557312011719
26300,616.6322631835938,-239.00941467285156,-238.41989135742188,63.021053314208984
26400,616.6322631835938,-205.75184631347656,-204.6223602294922,61.095001220703125
26500,616.6322631835938,-291.3226318359375,-299.2296142578125,65.10901641845703
26600,616.6322631835938,-367.99609375,-381.7568664550781,69.95355987548828
26700,616.6322631835938,-364.01654052734375,-376.2435302734375,70.14684295654297
26800,616.6322631835938,-296.756591796875,-305.1390075683594,66.42391967773438
26900,616.6322631835938,-302.75213623046875,-310.9149169921875,67.02008819580078
27000,616.6322631835938,-279.1823425292969,-285.0517883300781,65.25440979003906
27100,616.6322631835938,-228.15390014648438,-231.73297119140625,62.071876525878906
27200,616.6322631835938,-223.83216857910156,-225.88372802734375,62.63431167602539
27300,616.6322631835938,-265.49774169921875,-267.9001770019531,64.49746704101562
27400,616.6322631835938,-237.8087615966797,-238.47735595703125,62.23001480102539
27500,616.6322631835938,-174.20391845703125,-172.8077850341797,58.0036735534668
27600,616.6322631835938,-149.59674072265625,-147.3348388671875,57.302024841308594
27700,616.6322631835938,-85.71829223632812,-82.12308502197266,52.87228012084961
27800,616.6322631835938,-100.4513168334961,-96.91987609863281,54.05924606323242
27900,616.6322631835938,-103.29862213134766,-99.27346801757812,54.10423278808594
28000,616.6322631835938,-61.26548767089844,-56.027523040771484,51.77690505981445
28100,616.6322631835938,-103.78163146972656,-99.94439697265625,55.254905700683594
28200,616.6322631835938,-105.66192626953125,-101.29174041748047,55.342552185058594
28300,616.6322631835938,-129.26791381835938,-124.7945785522461,57.2282600402832
28400,616.6322631835938,-132.549072265625,-127.61844635009766,56.728515625
28500,616.6322631835938,-82.55672454833984,-76.91275024414062,53.01998519897461
28600,616.6322631835938,-105.07059478759766,-99.9825210571289,54.1063232421875
28700,616.6322631835938,-102.69695281982422,-97.73505401611328,53.98616027832031
28800,616.6322631835938,-73.92932891845703,-68.42063903808594,52.63486862182617
28900,616.6322631835938,-46.3089599609375,-40.21181869506836,51.19082260131836
29000,616.6322631835938,-27.02639389038086,-20.04063606262207,50.00823211669922
29100,616.6322631835938,-66.5638198852539,-60.263275146484375,52.554927825927734
29200,616.6322631835938,-72.49755096435547,-66.9495620727539,53.199684143066406
29300,616.6322631835938,-74.7203140258789,-69.08303833007812,53.06389236450195
29400,616.6322631835938,-71.7715072631836,-65.96094512939453,52.42641067504883
29500,616.6322631835938,-89.31884765625,-83.94636535644531,53.41078186035156
29600,616.6322631835938,-96.6236801147461,-91.49864196777344,54.57969284057617
29700,616.6322631835938,-94.6982421875,-88.87488555908203,54.70945358276367
29800,616.6322631835938,-91.31549072265625,-85.45491790771484,53.35945510864258
29900,616.6322631835938,-46.98043441772461,-40.07925796508789,50.69149398803711
30000,616.6322631835938,-47.91117477416992,-42.810672760009766,51.389305114746094
30100,616.6322631835938,-7.928299427032471,-2.0823421478271484,47.97517395019531
30200,616.6322631835938,23.315731048583984,30.029783248901367,46.39191818237305
30300,616.6322631835938,21.41619873046875,29.268449783325195,46.59320068359375
30400,616.6322631835938,13.26198673248291,20.939128875732422,47.043907165527344
30500,616.6322631835938,-22.007431030273438,-15.130780220031738,49.202125549316406
30600,616.6322631835938,25.87401580810547,33.452152252197266,46.75059509277344
30700,616.6322631835938,29.999378204345703,37.54469680786133,45.996124267578125
30800,616.6322631835938,-11.71112060546875,-4.756885051727295,48.409000396728516
30900,616.6322631835938,-28.800113677978516,-21.62664222717285,49.30735397338867
31000,616.6322631835938,-2.5005600452423096,4.948518753051758,47.20932388305664
31100,616.6322631835938,16.675886154174805,24.367965698242188,45.59238815307617
31200,616.6322631835938,3.7586348056793213,11.352019309997559,46.344337463378906
31300,616.6322631835938,28.019445419311523,36.37350082397461,45.30883026123047
31400,616.6322631835938,30.110477447509766,38.16764831542969,45.20515823364258
31500,616.6322631835938,0.3164673149585724,8.514325141906738,47.1605224609375
31600,616.6322631835938,15.52588176727295,24.096731185913086,46.757781982421875
31700,616.6322631835938,-6.492410182952881,1.6797903776168823,47.993896484375
31800,616.6322631835938,-4.000418663024902,4.661802291870117,47.60275650024414
31900,616.6322631835938,-9.035266876220703,-0.4428817927837372,47.89761734008789
32000,616.6322631835938,-7.802199840545654,-2.4960389137268066,47.37762451171875
32100,616.6322631835938,-18.7176570892334,-12.679312705993652,48.5153923034668
32200,616.6322631835938,-20.80940055847168,-14.170462608337402,49.02757263183594
32300,616.6322631835938,1.2156682014465332,8.604994773864746,47.46907043457031
32400,616.6322631835938,33.111270904541016,40.976322174072266,44.89784240722656
32500,616.6322631835938,56.33919906616211,64.38483428955078,43.9549560546875
32600,616.6322631835938,41.249202728271484,50.050758361816406,45.64863204956055
32700,616.6322631835938,32.46918869018555,41.338478088378906,46.10462188720703
32800,616.6322631835938,47.92130661010742,57.12207794189453,45.265750885009766
32900,616.6322631835938,43.97074508666992,53.09602355957031,45.27834701538086
33000,616.6322631835938,45.396629333496094,54.80105209350586,45.19276428222656
33100,616.6322631835938,29.561586380004883,38.813316345214844,45.235206604003906
33200,616.6322631835938,8.99009895324707,18.502700805664062,46.41591262817383
33300,616.6322631835938,30.234481811523438,39.610633850097656,45.328468322753906
33400,616.6322631835938,58.174041748046875,67.30562591552734,42.8204231262207
33500,616.6322631835938,94.3397216796875,103.98780059814453,40.94099807739258
33600,616.6322631835938,126.43836212158203,136.13218688964844,38.71091842651367
33700,616.6322631835938,126.4196548461914,135.8192901611328,38.822086334228516
33800,616.6322631835938,123.94685363769531,133.00379943847656,38.37507629394531
33900,616.6322631835938,100.49971008300781,109.27298736572266,39.65989303588867
34000,616.6322631835938,87.8066635131836,96.40563201904297,40.415714263916016
34100,616.6322631835938,99.88628387451172,108.69880676269531,39.7938232421875
34200,616.6322631835938,133.92921447753906,142.8353271484375,37.711090087890625
34300,616.6322631835938,128.96963500976562,138.27505493164062,38.112552642822266
34400,616.6322631835938,101.89459228515625,110.59557342529297,39.42118453979492
34500,616.6322631835938,89.1585922241211,97.48895263671875,39.95024108886719
34600,616.6322631835938,84.83482360839844,93.5473403930664,41.02583694458008
34700,616.6322631835938,67.34416198730469,76.3324966430664,42.8027458190918
34800,616.6322631835938,76.66669464111328,85.88616943359375,42.23975372314453
34900,616.6322631835938,60.675697326660156,69.44744873046875,42.65614318847656
35000,616.6322631835938,113.48155212402344,122.58030700683594,39.9999885559082
35100,616.6322631835938,132.470703125,141.60943603515625,38.32731246948242
35200,616.6322631835938,123.86409759521484,133.24485778808594,38.48575210571289
35300,616.6322631835938,65.927490234375,74.42088317871094,42.17884826660156
35400,616.6322631835938,85.59102630615234,94.28927612304688,40.478370666503906
35500,616.6322631835938,125.96974182128906,135.03182983398438,38.573883056640625
35600,616.6322631835938,159.6986846923828,168.7046356201172,36.267250061035156
35700,616.6322631835938,144.06494140625,153.16424560546875,36.93825912475586
35800,616.6322631835938,147.23785400390625,156.59136962890625,36.76148986816406
35900,616.6322631835938,179.3896026611328,188.65142822265625,34.60377883911133
36000,616.6322631835938,175.359619140625,184.6586151123047,34.989253997802734
36100,616.6322631835938,195.76138305664062,204.79751586914062,33.698890686035156
36200,616.6322631835938,168.93190002441406,178.47593688964844,35.4776496887207
36300,616.6322631835938,174.0690460205078,183.5701446533203,35.31705856323242
36400,616.6322631835938,212.24781799316406,221.6776885986328,33.056758880615234
36500,616.6322631835938,192.8970489501953,202.36521911621094,34.03410339355469
36600,616.6322631835938,190.86012268066406,200.154052734375,34.01051712036133
36700,616.6322631835938,212.19859313964844,221.38540649414062,32.05701446533203
36800,616.6322631835938,225.53887939453125,234.88966369628906,31.259078979492188
36900,616.6322631835938,223.62594604492188,233.17037963867188,31.40023422241211
37000,616.6322631835938,184.15077209472656,193.59518432617188,34.26902389526367
37100,616.6322631835938,168.12966918945312,177.56692504882812,34.95875549316406
37200,616.6322631835938,173.11788940429688,182.36599731445312,34.588687896728516
37300,616.6322631835938,198.10516357421875,207.71405029296875,33.54277801513672
37400,616.6322631835938,226.2241668701172,235.59776306152344,31.449302673339844
37500,616.6322631835938,220.1595001220703,229.53598022460938,32.160858154296875
37600,616.6322631835938,240.45953369140625,249.76556396484375,30.914785385131836
37700,616.6322631835938,244.27757263183594,253.99679565429688,31.013219833374023
37800,616.6322631835938,233.67214965820312,243.63140869140625,31.88689613342285
37900,616.6322631835938,219.62298583984375,229.2195281982422,32.37742233276367
38000,616.6322631835938,236.67019653320312,246.2534637451172,30.923917770385742
38100,616.6322631835938,261.6893005371094,271.1278076171875,29.29920196533203
38200,616.6322631835938,282.1528015136719,291.431640625,28.347246170043945
38300,616.6322631835938,282.9552917480469,292.26727294921875,28.30929183959961
38400,616.6322631835938,276.1794128417969,285.843994140625,28.961530685424805
38500,616.6322631835938,279.9540100097656,289.8882141113281,28.888120651245117
38600,616.6322631835938,262.75396728515625,272.73809814453125,29.449342727661133
38700,616.6322631835938,286.6345520019531,296.411376953125,28.485843658447266
38800,616.6322631835938,283.68499755859375,293.25006103515625,28.13035011291504
38900,616.6322631835938,284.8338317871094,294.4179382324219,27.865554809570312
39000,616.6322631835938,283.00469970703125,292.1844482421875,27.526599884033203
39100,616.6322631835938,295.59173583984375,304.90966796875,27.52642250061035
39200,616.6322631835938,322.8173828125,331.8481140136719,25.7844295501709
39300,616.6322631835938,319.4983825683594,328.85626220703125,26.568496704101562
39400,616.6322631835938,291.23150634765625,300.68280029296875,28.351913452148438
39500,616.6322631835938,266.0152282714844,275.20465087890625,29.086013793945312
39600,616.6322631835938,251.6491241455078,260.98785400390625,29.60418128967285
39700,616.6322631835938,233.48538208007812,243.07569885253906,31.11499786376953
39800,616.6322631835938,266.180908203125,275.53582763671875,29.586992263793945
39900,616.6322631835938,256.41973876953125,266.1700134277344,30.282957077026367
40000,616.6322631835938,274.9512023925781,284.4826965332031,28.939897537231445
40100,616.6322631835938,297.66802978515625,306.8856506347656,27.44378089904785
40200,616.6322631835938,300.28985595703125,309.4914855957031,27.170684814453125
40300,616.6322631835938,288.88690185546875,298.2669982910156,27.97163200378418
40400,616.6322631835938,289.64984130859375,299.0035400390625,27.677576065063477
40500,616.6322631835938,292.4684143066406,301.70623779296875,27.334300994873047
40600,616.6322631835938,312.4075927734375,321.6234130859375,26.175634384155273
40700,616.6322631835938,297.1927795410156,306.36090087890625,26.551279067993164
40800,616.6322631835938,288.76971435546875,297.8912353515625,26.8008975982666
40900,616.6322631835938,288.0283203125,297.2443542480469,26.923845291137695
41000,616.6322631835938,291.81866455078125,300.9609375,26.88564109802246
41100,616.6322631835938,291.1902160644531,300.2777404785156,27.08333969116211
41200,616.6322631835938,315.6008605957031,324.5477600097656,25.435895919799805
41300,616.6322631835938,311.3296203613281,320.4768981933594,26.008249282836914
41400,616.6322631835938,307.7007141113281,317.0354919433594,26.33892822265625
41500,616.6322631835938,303.5143737792969,312.5166931152344,26.472030639648438
41600,616.6322631835938,302.4060974121094,311.5175476074219,26.76483726501465
41700,616.6322631835938,294.43292236328125,303.2261657714844,26.906644821166992
41800,616.6322631835938,298.77667236328125,307.44403076171875,26.834062576293945
41900,616.6322631835938,319.35137939453125,327.97259521484375,25.56007957458496
42000,616.6322631835938,301.9879150390625,310.7706298828125,26.3444881439209
42100,616.6322631835938,332.99884033203125,341.685791015625,25.155649185180664
42200,616.6322631835938,308.471923828125,317.4496154785156,26.94293975830078
42300,616.6322631835938,317.7925720214844,326.3557434082031,25.622722625732422
42400,616.6322631835938,343.441650390625,351.72198486328125,23.913959503173828
42500,616.6322631835938,341.15093994140625,349.61224365234375,24.439218521118164
42600,616.6322631835938,332.8313903808594,341.6126708984375,24.970170974731445
42700,616.6322631835938,317.50341796875,326.458251953125,25.494510650634766
42800,616.6322631835938,302.2528381347656,311.1796569824219,25.753522872924805
42900,616.6322631835938,322.1812438964844,330.9067687988281,24.718652725219727
43000,616.6322631835938,315.3490295410156,323.99432373046875,25.18991470336914
43100,616.6322631835938,322.4898376464844,330.8635559082031,24.45747947692871
43200,616.6322631835938,323.52777099609375,331.8241882324219,24.235380172729492
43300,616.6322631835938,331.2096862792969,339.40533447265625,23.83170509338379
43400,616.6322631835938,345.0898742675781,353.22515869140625,23.3662052154541
43500,616.6322631835938,343.12542724609375,351.1578369140625,23.341270446777344
43600,616.6322631835938,342.8887023925781,350.961669921875,23.26312255859375
43700,616.6322631835938,344.9760437011719,352.92510986328125,22.869733810424805
43800,616.6322631835938,345.2186279296875,353.11767578125,23.049436569213867
43900,616.6322631835938,355.6620788574219,363.7242431640625,22.77698516845703
44000,616.6322631835938,342.7027893066406,350.7573547363281,23.012346267700195
44100,616.6322631835938,350.4635009765625,358.63739013671875,22.76687240600586
44200,616.6322631835938,339.2029113769531,347.77752685546875,23.607242584228516
44300,616.6322631835938,368.3509826660156,376.6114196777344,21.938465118408203
44400,616.6322631835938,359.24053955078125,367.59991455078125,22.6077880859375
44500,616.6322631835938,353.084716796875,361.44183349609375,22.7404842376709
44600,616.6322631835938,354.8774108886719,363.145751953125,22.599468231201172
44700,616.6322631835938,352.00286865234375,360.4496154785156,22.917808532714844
44800,616.6322631835938,377.6089172363281,385.7315979003906,21.44536590576172
44900,616.6322631835938,370.07977294921875,378.25018310546875,21.877653121948242
45000,616.6322631835938,356.4530029296875,364.80645751953125,22.51709747314453
45100,616.6322631835938,366.2210388183594,374.3297119140625,21.886579513549805
45200,616.6322631835938,371.8111877441406,379.9576721191406,22.016902923583984
45300,616.6322631835938,376.80389404296875,384.6003112792969,21.49177360534668
45400,616.6322631835938,395.2415466308594,402.8370361328125,20.220699310302734
45500,616.6322631835938,387.79071044921875,395.5503234863281,20.7726993560791
45600,616.6322631835938,385.50274658203125,393.2993469238281,20.8230037689209
45700,616.6322631835938,369.01568603515625,377.2656555175781,22.03068733215332
45800,616.6322631835938,356.66180419921875,364.9637451171875,22.641504287719727
45900,616.6322631835938,333.73687744140625,342.3724365234375,24.0772647857666
46000,616.6322631835938,347.01483154296875,355.7309875488281,23.684181213378906
46100,616.6322631835938,333.3320007324219,341.95001220703125,24.189697265625
46200,616.6322631835938,340.097900390625,348.7573547363281,24.00688362121582
46300,616.6322631835938,350.73907470703125,359.3248596191406,23.186491012573242
46400,616.6322631835938,363.6982116699219,372.1778259277344,22.475078582763672
46500,616.6322631835938,373.8841857910156,382.0643310546875,21.541507720947266
46600,616.6322631835938,380.5314636230469,388.614990234375,21.44780731201172
46700,616.6322631835938,376.8345031738281,384.66851806640625,21.357105255126953
46800,616.6322631835938,365.2853698730469,373.3630676269531,22.028453826904297
46900,616.6322631835938,373.24029541015625,381.171875,21.479398727416992
47000,616.6322631835938,350.1411437988281,358.17401123046875,22.12761688232422
47100,616.6322631835938,358.88653564453125,366.95379638671875,21.98204803466797
47200,616.6322631835938,368.648681640625,376.7176818847656,21.920433044433594
47300,616.6322631835938,369.368408203125,377.6171875,21.782405853271484
47400,616.6322631835938,372.2115478515625,380.60455322265625,22.154010772705078
47500,616.6322631835938,386.5553283691406,394.9215087890625,21.655773162841797
47600,616.6322631835938,391.7828674316406,399.8826599121094,21.131994247436523
47700,616.6322631835938,384.3764343261719,392.7209777832031,21.792287826538086
47800,616.6322631835938,389.2542724609375,397.52978515625,21.238866806030273
47900,616.6322631835938,386.53607177734375,394.9228515625,21.600711822509766
48000,616.6322631835938,371.8624572753906,380.471435546875,22.413135528564453
48100,616.6322631835938,379.9129943847656,388.0521240234375,21.656620025634766
48200,616.6322631835938,384.9909973144531,393.0117492675781,20.995193481445312
48300,616.6322631835938,385.1607666015625,393.0948181152344,20.87455177307129
48400,616.6322631835938,389.50262451171875,397.244140625,20.260393142700195
48500,616.6322631835938,390.7392883300781,398.5409851074219,20.058122634887695
48600,616.6322631835938,385.16302490234375,392.8980712890625,20.587833404541016
48700,616.6322631835938,383.64093017578125,391.1807861328125,20.363422393798828
48800,616.6322631835938,414.8283996582031,422.0495300292969,18.79500961303711
48900,616.6322631835938,418.4078063964844,425.61737060546875,18.52867317199707
49000,616.6322631835938,405.32440185546875,412.9801025390625,19.273773193359375
49100,616.6322631835938,417.20599365234375,424.6192321777344,18.69501495361328
49200,616.6322631835938,394.2582092285156,401.8623352050781,19.795093536376953
49300,616.6322631835938,374.99639892578125,382.7769775390625,20.843534469604492
49400,616.6322631835938,387.235107421875,395.02142333984375,20.465885162353516
49500,616.6322631835938,397.9552001953125,405.4538269042969,19.74480438232422
49600,616.6322631835938,411.11968994140625,418.5894775390625,19.016510009765625
49700,616.6322631835938,417.2463073730469,424.7386474609375,18.860570907592773
49800,616.6322631835938,431.8706970214844,439.0142517089844,17.7686824798584
49900,616.6322631835938,425.3164367675781,432.3890380859375,17.928508758544922
50000,616.6322631835938,416.0509033203125,423.2791748046875,18.382883071899414
50100,616.6322631835938,423.4447326660156,430.60699462890625,17.986385345458984
50200,616.6322631835938,426.0132751464844,433.0220642089844,17.72590446472168
50300,616.6322631835938,432.8239440917969,439.8743591308594,17.609251022338867
50400,616.6322631835938,403.38946533203125,410.61614990234375,18.877649307250977
50500,616.6322631835938,391.08184814453125,398.53363037109375,19.662429809570312
50600,616.6322631835938,386.3194274902344,393.86871337890625,19.9545841217041
50700,616.6322631835938,402.7215576171875,410.1331481933594,19.290281295776367
50800,616.6322631835938,414.0791320800781,421.36962890625,18.557207107543945
50900,616.6322631835938,415.244384765625,422.4949645996094,18.361263275146484
51000,616.6322631835938,420.8016052246094,428.0777587890625,18.282970428466797
51100,616.6322631835938,430.5483093261719,437.7348937988281,17.837539672851562
51200,616.6322631835938,436.9801025390625,444.16156005859375,17.70379066467285
51300,616.6322631835938,429.3231506347656,436.47088623046875,17.969575881958008
51400,616.6322631835938,425.384765625,432.7065734863281,18.07680892944336
51500,616.6322631835938,423.3663635253906,430.72235107421875,18.350879669189453
51600,616.6322631835938,416.4820251464844,423.7411804199219,18.471416473388672
51700,616.6322631835938,405.31890869140625,412.91522216796875,19.323379516601562
51800,616.6322631835938,408.46112060546875,415.9346923828125,18.955615997314453
51900,616.6322631835938,397.2383728027344,404.8135070800781,19.57960319519043
52000,616.6322631835938,397.0858459472656,404.45098876953125,19.28868293762207
52100,616.6322631835938,406.58978271484375,413.8561096191406,18.897384643554688
52200,616.6322631835938,408.90179443359375,416.2212829589844,18.822847366333008
52300,616.6322631835938,410.7957458496094,418.2982177734375,19.0590763092041
52400,616.6322631835938,416.629638671875,424.1197509765625,18.8670597076416
52500,616.6322631835938,424.4801330566406,431.83392333984375,18.536609649658203
52600,616.6322631835938,424.19451904296875,431.5725402832031,18.551511764526367
52700,616.6322631835938,427.8163757324219,435.14654541015625,18.327646255493164
52800,616.6322631835938,419.4212951660156,426.6004638671875,18.309497833251953
52900,616.6322631835938,438.3581848144531,445.42047119140625,17.490310668945312
53000,616.6322631835938,436.2998352050781,443.5697326660156,17.882251739501953
53100,616.6322631835938,444.8794250488281,452.0185852050781,17.428804397583008
53200,616.6322631835938,453.8908996582031,460.7969665527344,16.72202491760254
53300,616.6322631835938,441.3841552734375,448.67266845703125,17.802947998046875
53400,616.6322631835938,432.8853454589844,440.3089599609375,18.466955184936523
53500,616.6322631835938,416.67987060546875,424.08721923828125,19.116060256958008
53600,616.6322631835938,432.83587646484375,439.9825744628906,18.111501693725586
53700,616.6322631835938,436.74029541015625,443.9530029296875,17.835529327392578
53800,616.6322631835938,434.9074401855469,442.0814514160156,17.713581085205078
53900,616.6322631835938,435.7423095703125,442.9107666015625,17.40353012084961
54000,616.6322631835938,435.8749084472656,443.2077331542969,17.67983627319336
54100,616.6322631835938,417.5069885253906,424.8395080566406,18.465232849121094
54200,616.6322631835938,427.90533447265625,435.1434631347656,17.734132766723633
54300,616.6322631835938,433.410888671875,440.5833740234375,17.615697860717773
54400,616.6322631835938,437.3703308105469,444.4339599609375,17.37839698791504
54500,616.6322631835938,439.3807067871094,446.3471374511719,17.00037384033203
54600,616.6322631835938,444.83953857421875,451.6748046875,16.99273681640625
54700,616.6322631835938,445.99267578125,452.966796875,17.113250732421875
54800,616.6322631835938,444.4508056640625,451.44488525390625,17.02236557006836
54900,616.6322631835938,444.2817687988281,451.2202453613281,16.964019775390625
55000,616.6322631835938,436.9110412597656,444.0614929199219,17.597469329833984
55100,616.6322631835938,453.0090026855469,459.8500671386719,16.577045440673828
55200,616.6322631835938,463.41278076171875,470.1218566894531,16.13178825378418
55300,616.6322631835938,459.8214111328125,466.546630859375,16.28921890258789
55400,616.6322631835938,456.8677673339844,463.5130920410156,16.248537063598633
55500,616.6322631835938,447.4375915527344,454.2166748046875,16.717817306518555
55600,616.6322631835938,460.3818359375,466.8162841796875,15.713549613952637
55700,616.6322631835938,463.080810546875,469.5375671386719,15.647388458251953
55800,616.6322631835938,469.2798156738281,475.6021423339844,15.213703155517578
55900,616.6322631835938,465.684814453125,472.1582946777344,15.637310981750488
56000,616.6322631835938,459.9739074707031,466.51068115234375,15.985584259033203
56100,616.6322631835938,468.12359619140625,474.55194091796875,15.468876838684082
56200,616.6322631835938,465.74072265625,472.18157958984375,15.598328590393066
56300,616.6322631835938,453.8133850097656,460.33966064453125,15.993635177612305
56400,616.6322631835938,450.0317687988281,456.77899169921875,16.405479431152344
56500,616.6322631835938,446.6246032714844,453.51397705078125,16.920686721801758
56600,616.6322631835938,455.3935852050781,462.04620361328125,16.29706382751465
56700,616.6322631835938,465.112060546875,471.57550048828125,15.632851600646973
56800,616.6322631835938,464.9246520996094,471.4661865234375,15.603522300720215
56900,616.6322631835938,467.45263671875,473.9305725097656,15.426960945129395
57000,616.6322631835938,459.6760559082031,466.2286071777344,15.72663402557373
57100,616.6322631835938,460.8404235839844,467.4015808105469,15.636073112487793
57200,616.6322631835938,459.5246887207031,466.1566467285156,15.985990524291992
57300,616.6322631835938,446.0521240234375,452.9237365722656,16.571672439575195
57400,616.6322631835938,453.7813415527344,460.5117492675781,16.34003448486328
57500,616.6322631835938,459.9957580566406,466.7628173828125,16.23249626159668
57600,616.6322631835938,446.3291931152344,453.20306396484375,16.797569274902344
57700,616.6322631835938,449.12518310546875,455.80694580078125,16.38385772705078
57800,616.6322631835938,460.2149658203125,466.80120849609375,15.947954177856445
57900,616.6322631835938,455.3449401855469,461.9885559082031,16.219085693359375
58000,616.6322631835938,457.2230224609375,463.9313659667969,16.234603881835938
58100,616.6322631835938,451.4378662109375,458.30462646484375,16.593204498291016
58200,616.6322631835938,443.2718505859375,450.26824951171875,17.174013137817383
58300,616.6322631835938,451.53680419921875,458.3158264160156,16.57313346862793
58400,616.6322631835938,448.5002746582031,455.2577209472656,16.734756469726562
58500,616.6322631835938,445.66693115234375,452.4417419433594,16.77349853515625
58600,616.6322631835938,460.4200744628906,466.9938659667969,16.10134506225586
58700,616.6322631835938,456.3402404785156,462.9917297363281,16.26048469543457
58800,616.6322631835938,454.51861572265625,461.384033203125,16.789098739624023
58900,616.6322631835938,462.470947265625,469.0446472167969,15.97132682800293
59000,616.6322631835938,456.2161560058594,462.8919677734375,16.22160530090332
59100,616.6322631835938,462.6325988769531,469.130859375,15.650162696838379
59200,616.6322631835938,459.3822326660156,465.9295349121094,15.829598426818848
59300,616.6322631835938,459.9161376953125,466.33551025390625,15.58019733428955
59400,616.6322631835938,468.3990478515625,474.7333984375,15.135727882385254
59500,616.6322631835938,468.87164306640625,475.1686096191406,15.15872859954834
59600,616.6322631835938,454.72576904296875,461.29144287109375,15.746782302856445
59700,616.6322631835938,453.63775634765625,460.25823974609375,15.961299896240234
59800,616.6322631835938,454.8457946777344,461.6144714355469,16.19445037841797
59900,616.6322631835938,466.3583068847656,472.9733581542969,15.626750946044922
60000,616.6322631835938,473.7965087890625,480.1688537597656,15.114884376525879
60100,616.6322631835938,467.9656982421875,474.2992248535156,15.147605895996094
60200,616.6322631835938,467.3662109375,473.6993103027344,15.105830192565918
60300,616.6322631835938,481.79852294921875,487.8382873535156,14.33317756652832
60400,616.6322631835938,475.4193420410156,481.7025146484375,14.987736701965332
60500,616.6322631835938,475.7692565917969,482.0953674316406,15.19553279876709
60600,616.6322631835938,480.58770751953125,486.80096435546875,14.859038352966309
60700,616.6322631835938,479.71405029296875,485.83245849609375,14.547791481018066
60800,616.6322631835938,479.40948486328125,485.56781005859375,14.541511535644531
60900,616.6322631835938,472.5574645996094,478.8025207519531,14.826568603515625
61000,616.6322631835938,475.0094909667969,481.3011779785156,14.945531845092773
61100,616.6322631835938,474.2215576171875,480.41845703125,14.958173751831055
61200,616.6322631835938,471.2318420410156,477.60601806640625,15.21039867401123
61300,616.6322631835938,462.2578125,468.76519775390625,15.750717163085938
61400,616.6322631835938,476.6110534667969,482.9088439941406,15.041775703430176
61500,616.6322631835938,477.1776428222656,483.40008544921875,14.833821296691895
61600,616.6322631835938,472.8938903808594,479.16461181640625,14.92923355102539
61700,616.6322631835938,461.1846008300781,467.5314636230469,15.3298921585083
61800,616.6322631835938,454.0015563964844,460.5184326171875,15.728007316589355
61900,616.6322631835938,462.31268310546875,468.67138671875,15.464327812194824
62000,616.6322631835938,456.9715881347656,463.4545593261719,15.844260215759277
62100,616.6322631835938,458.2059020996094,464.6803283691406,15.605815887451172
62200,616.6322631835938,458.3725280761719,464.8841247558594,15.518866539001465
62300,616.6322631835938,468.1639404296875,474.46697998046875,15.030001640319824
62400,616.6322631835938,475.3221740722656,481.5792236328125,14.858831405639648
62500,616.6322631835938,468.03662109375,474.40936279296875,15.272601127624512
62600,616.6322631835938,464.53900146484375,471.0363464355469,15.53201675415039
62700,616.6322631835938,466.2216796875,472.6602478027344,15.299493789672852
62800,616.6322631835938,469.65264892578125,476.00811767578125,15.202105522155762
62900,616.6322631835938,473.2677307128906,479.52337646484375,14.903128623962402
63000,616.6322631835938,480.0530700683594,486.1535949707031,14.432576179504395
63100,616.6322631835938,483.4302978515625,489.5246276855469,14.3363618850708
63200,616.6322631835938,475.9215087890625,482.0796203613281,14.697859764099121
63300,616.6322631835938,474.8876037597656,481.0867919921875,14.647439956665039
63400,616.6322631835938,474.44793701171875,480.64117431640625,14.760926246643066
63500,616.6322631835938,474.8788146972656,481.11761474609375,14.84203815460205
63600,616.6322631835938,467.2827453613281,473.7445983886719,15.392888069152832
63700,616.6322631835938,478.2890625,484.4363098144531,14.6251859664917
63800,616.6322631835938,474.9923095703125,481.2446594238281,14.990477561950684
63900,616.6322631835938,475.4409484863281,481.6380615234375,14.758797645568848
64000,616.6322631835938,478.82073974609375,484.9377746582031,14.589434623718262
64100,616.6322631835938,482.32086181640625,488.3548583984375,14.266021728515625
64200,616.6322631835938,487.3838195800781,493.3299560546875,13.9346284866333
64300,616.6322631835938,480.721435546875,487.00372314453125,14.58442497253418
64400,616.6322631835938,479.8302917480469,486.0596618652344,14.607094764709473
64500,616.6322631835938,470.0909423828125,476.64459228515625,15.402711868286133
64600,616.6322631835938,481.8595886230469,488.1868591308594,14.816845893859863
64700,616.6322631835938,480.3418273925781,486.7528381347656,14.984136581420898
64800,616.6322631835938,481.919921875,488.1441650390625,14.66306209564209
64900,616.6322631835938,475.6971435546875,482.0312194824219,15.169082641601562
65000,616.6322631835938,476.3815612792969,482.6526794433594,14.978473663330078
65100,616.6322631835938,480.3492431640625,486.4794921875,14.572521209716797
65200,616.6322631835938,487.6775817871094,493.7360534667969,14.188068389892578
65300,616.6322631835938,480.57623291015625,486.6949462890625,14.541557312011719
65400,616.6322631835938,479.4773864746094,485.5943298339844,14.620341300964355
65500,616.6322631835938,479.61932373046875,485.74609375,14.590560913085938
65600,616.6322631835938,481.095458984375,487.2727355957031,14.666720390319824
65700,616.6322631835938,481.2627868652344,487.6083984375,14.921866416931152
65800,616.6322631835938,474.71551513671875,481.1441650390625,15.379243850708008
65900,616.6322631835938,474.5517272949219,480.9170227050781,15.12158203125
66000,616.6322631835938,466.0582275390625,472.44915771484375,15.470187187194824
66100,616.6322631835938,468.2240905761719,474.5258483886719,15.260377883911133
66200,616.6322631835938,478.5331726074219,484.6591491699219,14.681010246276855
66300,616.6322631835938,482.6472473144531,488.7038269042969,14.390625953674316
66400,616.6322631835938,483.2662658691406,489.2496032714844,14.27296257019043
66500,616.6322631835938,490.43560791015625,496.33160400390625,13.872942924499512
66600,616.6322631835938,487.0759582519531,493.0297546386719,14.090189933776855
66700,616.6322631835938,485.5910339355469,491.5572204589844,14.164101600646973
66800,616.6322631835938,488.3236389160156,494.22509765625,13.931305885314941
66900,616.6322631835938,490.0731506347656,495.947265625,13.813155174255371
67000,616.6322631835938,488.7425537109375,494.7278747558594,13.98652458190918
67100,616.6322631835938,488.9897766113281,494.8892517089844,13.889922142028809
67200,616.6322631835938,479.44873046875,485.5003662109375,14.35163688659668
67300,616.6322631835938,481.5407409667969,487.5486145019531,14.304267883300781
67400,616.6322631835938,486.808349609375,492.75592041015625,14.06580638885498
67500,616.6322631835938,486.7269287109375,492.8374938964844,14.245898246765137
67600,616.6322631835938,493.1448974609375,499.1027526855469,13.821166038513184
67700,616.6322631835938,497.8623352050781,503.6813049316406,13.518073081970215
67800,616.6322631835938,497.2191162109375,503.0033874511719,13.472832679748535
67900,616.6322631835938,494.4715270996094,500.3316345214844,13.639796257019043
68000,616.6322631835938,489.097412109375,495.106689453125,14.07685661315918
68100,616.6322631835938,485.47308349609375,491.57012939453125,14.248270034790039
68200,616.6322631835938,481.7548828125,487.8758239746094,14.333868026733398
68300,616.6322631835938,487.9352722167969,493.89532470703125,13.992683410644531
68400,616.6322631835938,485.3074035644531,491.3149108886719,14.197762489318848
68500,616.6322631835938,492.81329345703125,498.7015380859375,13.892379760742188
68600,616.6322631835938,489.9207763671875,495.7904968261719,13.86278247833252
68700,616.6322631835938,487.2772216796875,493.20751953125,14.083497047424316
68800,616.6322631835938,491.1720886230469,497.04266357421875,13.868901252746582
68900,616.6322631835938,489.8631896972656,495.9309997558594,14.176248550415039
69000,616.6322631835938,491.3343505859375,497.2491760253906,13.917673110961914
69100,616.6322631835938,493.4199523925781,499.30377197265625,13.834226608276367
69200,616.6322631835938,494.9090576171875,500.71502685546875,13.698738098144531
69300,616.6322631835938,489.2539367675781,495.1042175292969,13.947222709655762
69400,616.6322631835938,485.4155578613281,491.5997009277344,14.548226356506348
69500,616.6322631835938,486.1268005371094,492.1591796875,14.243083953857422
69600,616.6322631835938,482.3664245605469,488.4004211425781,14.468067169189453
69700,616.6322631835938,485.0290222167969,491.076416015625,14.345385551452637
69800,616.6322631835938,483.939208984375,489.9005126953125,14.23703384399414
69900,616.6322631835938,491.0174560546875,496.8670959472656,13.863471984863281
70000,616.6322631835938,486.88427734375,492.8326416015625,14.035847663879395
70100,616.6322631835938,494.1779479980469,500.0107727050781,13.693912506103516
70200,616.6322631835938,496.0209655761719,501.8024597167969,13.624157905578613
70300,616.6322631835938,496.14013671875,501.867431640625,13.470209121704102
70400,616.6322631835938,499.4367980957031,505.11163330078125,13.310952186584473
70500,616.6322631835938,496.8122863769531,502.47454833984375,13.333907127380371
70600,616.6322631835938,495.20550537109375,500.9991760253906,13.53165340423584
70700,616.6322631835938,492.0190124511719,497.80059814453125,13.617206573486328
70800,616.6322631835938,492.87799072265625,498.8028564453125,13.84687328338623
70900,616.6322631835938,491.31451416015625,497.2835388183594,14.051095962524414
71000,616.6322631835938,491.3150939941406,497.39556884765625,14.204907417297363
71100,616.6322631835938,489.6810302734375,495.77252197265625,14.25857162475586
71200,616.6322631835938,491.2440490722656,497.2937316894531,14.082950592041016
71300,616.6322631835938,492.2821350097656,498.24627685546875,13.898058891296387
71400,616.6322631835938,492.1459045410156,498.1181335449219,13.958219528198242
71500,616.6322631835938,490.0687561035156,496.0185546875,14.003714561462402
71600,616.6322631835938,487.2583312988281,493.2552185058594,14.018787384033203
71700,616.6322631835938,490.4098815917969,496.365478515625,13.851606369018555
71800,616.6322631835938,495.21527099609375,501.0606994628906,13.592933654785156
71900,616.6322631835938,497.13262939453125,502.9262390136719,13.532949447631836
72000,616.6322631835938,490.4021911621094,496.29937744140625,14.01870059967041
72100,616.6322631835938,493.54949951171875,499.4155578613281,13.819238662719727
72200,616.6322631835938,494.3681640625,500.3759765625,14.007047653198242
72300,616.6322631835938,497.635986328125,503.5459289550781,13.763239860534668
72400,616.6322631835938,495.1798400878906,501.1100158691406,13.823593139648438
72500,616.6322631835938,490.040283203125,496.1199035644531,14.232248306274414
72600,616.6322631835938,490.6658935546875,496.6319274902344,14.033292770385742
72700,616.6322631835938,490.173828125,496.1323547363281,14.009564399719238
72800,616.6322631835938,490.49658203125,496.41357421875,13.868520736694336
72900,616.6322631835938,492.4573974609375,498.3349914550781,13.7296724319458
73000,616.6322631835938,497.5757751464844,503.3608093261719,13.52525806427002
73100,616.6322631835938,496.35113525390625,502.1600341796875,13.605194091796875
73200,616.6322631835938,500.9600524902344,506.6835021972656,13.349575996398926
73300,616.6322631835938,500.5439758300781,506.2742004394531,13.392045974731445
73400,616.6322631835938,496.72418212890625,502.6242980957031,13.736799240112305
73500,616.6322631835938,495.59088134765625,501.565185546875,13.887612342834473
73600,616.6322631835938,492.9886169433594,498.97601318359375,13.929962158203125
73700,616.6322631835938,492.1754150390625,498.1375427246094,13.986244201660156
73800,616.6322631835938,488.94097900390625,494.90655517578125,14.073812484741211
73900,616.6322631835938,490.7681579589844,496.7353820800781,14.08441162109375
74000,616.6322631835938,488.6237487792969,494.54833984375,14.112176895141602
74100,616.6322631835938,493.74566650390625,499.57421875,13.812050819396973
74200,616.6322631835938,497.7606201171875,503.4908447265625,13.532060623168945
74300,616.6322631835938,490.8028869628906,496.639404296875,13.851373672485352
74400,616.6322631835938,485.197509765625,491.1572570800781,14.153288841247559
74500,616.6322631835938,487.21533203125,493.1602478027344,14.034261703491211
74600,616.6322631835938,481.887451171875,488.0121154785156,14.454203605651855
74700,616.6322631835938,490.2073059082031,496.1319885253906,13.938882827758789
74800,616.6322631835938,485.5234375,491.5220947265625,14.211260795593262
74900,616.6322631835938,486.8168640136719,492.7696838378906,14.232678413391113
75000,616.6322631835938,491.49139404296875,497.3526916503906,13.980583190917969
75100,616.6322631835938,493.6865539550781,499.51129150390625,13.800347328186035
75200,616.6322631835938,485.7564392089844,491.77001953125,14.249473571777344
75300,616.6322631835938,481.542724609375,487.7633056640625,14.669928550720215
75400,616.6322631835938,481.8245849609375,487.9805603027344,14.376072883605957
75500,616.6322631835938,491.58624267578125,497.4845886230469,13.750262260437012
75600,616.6322631835938,494.00732421875,499.9413757324219,13.79069995880127
75700,616.6322631835938,493.7926940917969,499.7576599121094,13.79942512512207
75800,616.6322631835938,486.6798095703125,492.75384521484375,14.08167839050293
75900,616.6322631835938,478.21728515625,484.4422302246094,14.739640235900879
76000,616.6322631835938,485.01593017578125,491.0928955078125,14.255334854125977
76100,616.6322631835938,485.58270263671875,491.64044189453125,14.265791893005371
76200,616.6322631835938,488.5651550292969,494.5918273925781,14.092519760131836
76300,616.6322631835938,480.9202575683594,487.0231628417969,14.463971138000488
76400,616.6322631835938,481.59088134765625,487.7722473144531,14.585439682006836
76500,616.6322631835938,485.47784423828125,491.6266174316406,14.36314582824707
76600,616.6322631835938,483.629638671875,489.7394714355469,14.406647682189941
76700,616.6322631835938,490.3149719238281,496.27984619140625,13.938246726989746
76800,616.6322631835938,493.6160888671875,499.4898376464844,13.717170715332031
76900,616.6322631835938,486.9971618652344,492.9833984375,13.929710388183594
77000,616.6322631835938,490.2759094238281,496.2129211425781,13.911031723022461
77100,616.6322631835938,490.6847229003906,496.583251953125,13.841069221496582
77200,616.6322631835938,489.70086669921875,495.558837890625,13.820637702941895
77300,616.6322631835938,492.2281188964844,498.0403747558594,13.697945594787598
77400,616.6322631835938,491.98541259765625,497.7966613769531,13.8013334274292
77500,616.6322631835938,493.8036193847656,499.5819091796875,13.63316535949707
77600,616.6322631835938,494.2450256347656,500.04052734375,13.594171524047852
77700,616.6322631835938,497.2628479003906,502.9718017578125,13.414834022521973
77800,616.6322631835938,498.4800720214844,504.1566162109375,13.302862167358398
77900,616.6322631835938,490.3668518066406,496.25347900390625,13.860114097595215
78000,616.6322631835938,493.4208679199219,499.2277526855469,13.613394737243652
78100,616.6322631835938,497.4117736816406,503.1220397949219,13.404898643493652
78200,616.6322631835938,498.56610107421875,504.30877685546875,13.490372657775879
78300,616.6322631835938,496.8526916503906,502.5881652832031,13.515249252319336
78400,616.6322631835938,492.95635986328125,498.775390625,13.795415878295898
78500,616.6322631835938,493.4853820800781,499.35986328125,13.831171035766602
78600,616.6322631835938,488.50238037109375,494.4207458496094,14.013144493103027
78700,616.6322631835938,487.5286865234375,493.5379638671875,14.128314971923828
78800,616.6322631835938,478.5594787597656,484.5865783691406,14.285299301147461
78900,616.6322631835938,483.8894348144531,489.8214111328125,14.021157264709473
79000,616.6322631835938,487.1173400878906,493.01763916015625,13.909571647644043
79100,616.6322631835938,488.39581298828125,494.2825012207031,13.896960258483887
79200,616.6322631835938,479.414306640625,485.49371337890625,14.459968566894531
79300,616.6322631835938,489.3664855957031,495.26708984375,13.95028305053711
79400,616.6322631835938,497.0172119140625,502.7504577636719,13.46214771270752
79500,616.6322631835938,500.83978271484375,506.52947998046875,13.30599594116211
79600,616.6322631835938,498.4842224121094,504.2543029785156,13.364874839782715
79700,616.6322631835938,492.06964111328125,497.8092956542969,13.532219886779785
79800,616.6322631835938,492.8118591308594,498.6407470703125,13.640584945678711
79900,616.6322631835938,488.15740966796875,493.96466064453125,13.848200798034668
80000,616.6322631835938,489.2354431152344,495.02764892578125,13.835409164428711
80100,616.6322631835938,482.5335388183594,488.43475341796875,14.102945327758789
80200,616.6322631835938,481.90509033203125,487.8063049316406,14.26774787902832
80300,616.6322631835938,484.51458740234375,490.4766845703125,14.173519134521484
80400,616.6322631835938,485.72491455078125,491.62060546875,14.008844375610352
80500,616.6322631835938,483.19091796875,489.12225341796875,14.106619834899902
80600,616.6322631835938,480.8730773925781,486.85791015625,14.301258087158203
80700,616.6322631835938,481.04461669921875,486.9603271484375,14.218488693237305
80800,616.6322631835938,483.8766174316406,489.7406005859375,14.065129280090332
80900,616.6322631835938,486.6328125,492.6117858886719,14.091446876525879
81000,616.6322631835938,488.89959716796875,494.81011962890625,13.959335327148438
81100,616.6322631835938,496.9136962890625,502.7080383300781,13.563096046447754
81200,616.6322631835938,498.9701232910156,504.6415710449219,13.302433013916016
81300,616.6322631835938,499.28118896484375,505.0123291015625,13.440322875976562
81400,616.6322631835938,501.81884765625,507.4700012207031,13.252470970153809
81500,616.6322631835938,491.7740478515625,497.65533447265625,13.844667434692383
81600,616.6322631835938,490.114990234375,496.0560302734375,13.900821685791016
81700,616.6322631835938,493.9951477050781,499.79705810546875,13.69105339050293
81800,616.6322631835938,490.36639404296875,496.2159729003906,13.777922630310059
81900,616.6322631835938,490.42401123046875,496.33941650390625,13.804570198059082
82000,616.6322631835938,487.6614074707031,493.6034851074219,13.897345542907715
82100,616.6322631835938,490.7510070800781,496.63818359375,13.70383358001709
82200,616.6322631835938,492.3960876464844,498.2451477050781,13.637383460998535
82300,616.6322631835938,487.3804931640625,493.3333435058594,13.990925788879395
82400,616.6322631835938,492.5273132324219,498.3609619140625,13.688697814941406
82500,616.6322631835938,493.7831726074219,499.6070251464844,13.64127254486084
82600,616.6322631835938,488.613037109375,494.5076904296875,14.038324356079102
82700,616.6322631835938,495.8813171386719,501.7700500488281,13.821474075317383
82800,616.6322631835938,482.9752502441406,489.123046875,14.612467765808105
82900,616.6322631835938,484.1676330566406,490.291259765625,14.51245403289795
83000,616.6322631835938,483.5203552246094,489.6286315917969,14.43333911895752
83100,616.6322631835938,476.9638671875,483.04705810546875,14.680824279785156
83200,616.6322631835938,476.6357116699219,482.7587890625,14.665984153747559
83300,616.6322631835938,472.8770446777344,479.11932373046875,15.102071762084961
83400,616.6322631835938,484.8706359863281,490.8431701660156,14.281399726867676
83500,616.6322631835938,488.85150146484375,494.77569580078125,14.101034164428711
83600,616.6322631835938,495.7742004394531,501.5504455566406,13.6268949508667
83700,616.6322631835938,501.2682189941406,506.9189453125,13.247605323791504
83800,616.6322631835938,492.9852294921875,498.6649475097656,13.58385944366455
83900,616.6322631835938,491.6021423339844,497.3201599121094,13.69897747039795
84000,616.6322631835938,488.1208190917969,493.9129638671875,13.865157127380371
84100,616.6322631835938,486.456298828125,492.3783264160156,14.1170015335083
84200,616.6322631835938,486.4202880859375,492.3893127441406,14.13718318939209
84300,616.6322631835938,485.8674011230469,491.8075866699219,14.144373893737793
84400,616.6322631835938,490.49383544921875,496.37896728515625,13.94051742553711
84500,616.6322631835938,487.3793640136719,493.2593078613281,14.118626594543457
84600,616.6322631835938,483.49212646484375,489.4971008300781,14.345061302185059
84700,616.6322631835938,488.1701354980469,494.0327453613281,13.901594161987305
84800,616.6322631835938,492.1368713378906,498.1091613769531,14.001909255981445
84900,616.6322631835938,492.8136901855469,498.79730224609375,13.998537063598633
85000,616.6322631835938,497.4967346191406,503.3954162597656,13.766413688659668
85100,616.6322631835938,488.90740966796875,494.87005615234375,13.98393726348877
85200,616.6322631835938,487.8809814453125,493.8711242675781,14.067636489868164
85300,616.6322631835938,491.3537902832031,497.3246154785156,13.993041038513184
85400,616.6322631835938,492.0626525878906,498.1400146484375,14.12814998626709
85500,616.6322631835938,488.02276611328125,494.0928039550781,14.190474510192871
85600,616.6322631835938,496.17901611328125,502.035400390625,13.667234420776367
85700,616.6322631835938,496.0212097167969,501.8370361328125,13.639870643615723
85800,616.6322631835938,490.7074890136719,496.66314697265625,13.970720291137695
85900,616.6322631835938,493.1916809082031,499.09930419921875,13.7335844039917
86000,616.6322631835938,496.2698974609375,502.0429382324219,13.468384742736816
86100,616.6322631835938,496.0511169433594,501.8482666015625,13.510313987731934
86200,616.6322631835938,497.4619445800781,503.2382507324219,13.451140403747559
86300,616.6322631835938,493.4450988769531,499.3507080078125,13.824851036071777
86400,616.6322631835938,496.3169250488281,502.195068359375,13.63132381439209
86500,616.6322631835938,496.6903991699219,502.5373840332031,13.694878578186035
86600,616.6322631835938,501.5533142089844,507.342041015625,13.496313095092773
86700,616.6322631835938,501.5536193847656,507.3190002441406,13.361488342285156
86800,616.6322631835938,500.3491516113281,506.0882263183594,13.359070777893066
86900,616.6322631835938,500.79730224609375,506.4953308105469,13.274681091308594
87000,616.6322631835938,494.9081726074219,500.6854553222656,13.548332214355469
87100,616.6322631835938,489.244384765625,495.3174133300781,14.157597541809082
87200,616.6322631835938,488.60943603515625,494.65118408203125,14.035810470581055
87300,616.6322631835938,480.7286376953125,486.8854675292969,14.434757232666016
87400,616.6322631835938,482.3321228027344,488.4749450683594,14.410663604736328
87500,616.6322631835938,485.2021179199219,491.2353210449219,14.248847007751465
87600,616.6322631835938,491.28955078125,497.2792053222656,14.099830627441406
87700,616.6322631835938,488.87213134765625,494.78961181640625,14.100603103637695
87800,616.6322631835938,492.4376525878906,498.2654724121094,13.794333457946777
87900,616.6322631835938,493.6915588378906,499.6124572753906,13.89184856414795
88000,616.6322631835938,496.82574462890625,502.62725830078125,13.560246467590332
88100,616.6322631835938,496.76123046875,502.5764465332031,13.582565307617188
88200,616.6322631835938,496.71600341796875,502.61273193359375,13.673755645751953
88300,616.6322631835938,493.06964111328125,498.95452880859375,13.689777374267578
88400,616.6322631835938,494.1929931640625,500.0325012207031,13.692846298217773
88500,616.6322631835938,493.5923767089844,499.4441223144531,13.75581169128418
88600,616.6322631835938,486.3503723144531,492.3157043457031,14.238720893859863
88700,616.6322631835938,485.2110900878906,491.2229919433594,14.32096004486084
88800,616.6322631835938,484.7151794433594,490.68524169921875,14.15209674835205
88900,616.6322631835938,484.3880615234375,490.3095703125,14.027359008789062
89000,616.6322631835938,487.8217468261719,493.7357177734375,13.970805168151855
89100,616.6322631835938,493.9095764160156,499.7232971191406,13.629300117492676
89200,616.6322631835938,486.7427978515625,492.6138916015625,13.893537521362305
89300,616.6322631835938,488.45556640625,494.2994079589844,13.821064949035645
89400,616.6322631835938,490.17071533203125,496.0110778808594,13.706951141357422
89500,616.6322631835938,488.9915771484375,494.9586181640625,14.035118103027344
89600,616.6322631835938,490.6665954589844,496.57080078125,13.951364517211914
89700,616.6322631835938,491.6128234863281,497.5688781738281,14.064509391784668
89800,616.6322631835938,490.897216796875,496.79986572265625,13.983806610107422
89900,616.6322631835938,490.7962646484375,496.61297607421875,13.832906723022461
90000,616.6322631835938,490.1348571777344,496.1407470703125,14.074450492858887
90100,616.6322631835938,488.8549499511719,494.8365173339844,14.040250778198242
90200,616.6322631835938,492.5185546875,498.4444580078125,13.86661434173584
90300,616.6322631835938,492.55029296875,498.4253845214844,13.777298927307129
90400,616.6322631835938,490.7871398925781,496.5737609863281,13.7112398147583
90500,616.6322631835938,496.165283203125,501.86224365234375,13.445114135742188
90600,616.6322631835938,497.3990783691406,503.12139892578125,13.480013847351074
90700,616.6322631835938,499.874267578125,505.5797424316406,13.395293235778809
90800,616.6322631835938,495.880126953125,501.596923828125,13.554917335510254
90900,616.6322631835938,494.9253845214844,500.70513916015625,13.764101028442383
91000,616.6322631835938,482.3243103027344,488.3256530761719,14.276822090148926
91100,616.6322631835938,486.50604248046875,492.3953857421875,13.975540161132812
91200,616.6322631835938,486.9409484863281,492.8757019042969,14.018887519836426
91300,616.6322631835938,493.37646484375,499.2042541503906,13.64714527130127
91400,616.6322631835938,492.08416748046875,497.9520568847656,13.80125617980957
91500,616.6322631835938,498.1496276855469,503.8887023925781,13.455166816711426
91600,616.6322631835938,493.5888366699219,499.4624938964844,13.716841697692871
91700,616.6322631835938,491.23126220703125,497.125244140625,13.751736640930176
91800,616.6322631835938,492.6675109863281,498.53790283203125,13.692853927612305
91900,616.6322631835938,495.1771240234375,500.9920959472656,13.608146667480469
92000,616.6322631835938,492.0589599609375,497.85125732421875,13.617361068725586
92100,616.6322631835938,495.22161865234375,500.9698181152344,13.492406845092773
92200,616.6322631835938,496.4515380859375,502.24786376953125,13.557356834411621
92300,616.6322631835938,489.05706787109375,495.0877990722656,14.079302787780762
92400,616.6322631835938,489.9515686035156,495.9188232421875,14.015727043151855
92500,616.6322631835938,485.06011962890625,491.1896057128906,14.525367736816406
92600,616.6322631835938,492.3872375488281,498.29547119140625,13.943670272827148
92700,616.6322631835938,498.1254577636719,503.902587890625,13.586366653442383
92800,616.6322631835938,492.3885498046875,498.2242736816406,13.813923835754395
92900,616.6322631835938,492.2411804199219,498.0517883300781,13.665637969970703
93000,616.6322631835938,489.7234191894531,495.5821228027344,13.81960678100586
93100,616.6322631835938,497.8990173339844,503.5992126464844,13.349140167236328
93200,616.6322631835938,500.2496643066406,505.9389343261719,13.255059242248535
93300,616.6322631835938,500.9300842285156,506.69818115234375,13.320537567138672
93400,616.6322631835938,500.5298767089844,506.32513427734375,13.40855598449707
93500,616.6322631835938,498.8503723144531,504.6569519042969,13.494425773620605
93600,616.6322631835938,496.984130859375,502.7914123535156,13.521736145019531
93700,616.6322631835938,499.44158935546875,505.3695373535156,13.688426971435547
93800,616.6322631835938,502.0109558105469,507.79022216796875,13.383426666259766
93900,616.6322631835938,501.9292907714844,507.6274108886719,13.286188125610352
94000,616.6322631835938,499.0937805175781,504.7991027832031,13.321907043457031
94100,616.6322631835938,495.383544921875,501.2633361816406,13.71977424621582
94200,616.6322631835938,490.439697265625,496.4696350097656,14.102341651916504
94300,616.6322631835938,483.8191223144531,489.97314453125,14.535412788391113
94400,616.6322631835938,481.986083984375,488.123779296875,14.549490928649902
94500,616.6322631835938,487.2828063964844,493.38861083984375,14.387357711791992
94600,616.6322631835938,484.4836120605469,490.506591796875,14.229395866394043
94700,616.6322631835938,488.9457702636719,494.951416015625,14.092649459838867
94800,616.6322631835938,484.21783447265625,490.3211975097656,14.443846702575684
94900,616.6322631835938,490.021240234375,495.9564208984375,14.066680908203125
95000,616.6322631835938,495.72564697265625,501.5861511230469,13.763094902038574
95100,616.6322631835938,492.2309265136719,498.05596923828125,13.771629333496094
95200,616.6322631835938,490.23760986328125,496.11895751953125,13.860054969787598
95300,616.6322631835938,493.25421142578125,499.0752868652344,13.748730659484863
95400,616.6322631835938,497.3113098144531,503.03118896484375,13.437143325805664
95500,616.6322631835938,498.7302551269531,504.391357421875,13.388985633850098
95600,616.6322631835938,497.961669921875,503.6748352050781,13.396954536437988
95700,616.6322631835938,499.33526611328125,505.0174255371094,13.360685348510742
95800,616.6322631835938,495.40411376953125,501.0690612792969,13.46059513092041
95900,616.6322631835938,493.834228515625,499.5712585449219,13.630495071411133
96000,616.6322631835938,488.6639404296875,494.5549621582031,13.84635066986084
96100,616.6322631835938,492.292236328125,498.2100524902344,13.815742492675781
96200,616.6322631835938,496.494873046875,502.3281555175781,13.547890663146973
96300,616.6322631835938,499.561767578125,505.364501953125,13.480929374694824
96400,616.6322631835938,500.5436096191406,506.3763427734375,13.461347579956055
96500,616.6322631835938,495.362060546875,501.17156982421875,13.6232271194458
96600,616.6322631835938,494.2969055175781,500.2686462402344,13.878890991210938
96700,616.6322631835938,492.6726989746094,498.55999755859375,13.791045188903809
96800,616.6322631835938,496.6593322753906,502.4355163574219,13.556506156921387
96900,616.6322631835938,492.6728515625,498.6556091308594,13.843637466430664
97000,616.6322631835938,494.5758361816406,500.4482116699219,13.597846984863281
97100,616.6322631835938,489.7476806640625,495.8273010253906,13.958468437194824
97200,616.6322631835938,487.3468933105469,493.3884582519531,13.885507583618164
97300,616.6322631835938,483.79498291015625,489.9303283691406,14.156593322753906
97400,616.6322631835938,490.684814453125,496.64324951171875,13.836831092834473
97500,616.6322631835938,490.2046813964844,496.25115966796875,14.069167137145996
97600,616.6322631835938,493.6064453125,499.6161193847656,13.889120101928711
97700,616.6322631835938,489.5633544921875,495.57452392578125,14.027854919433594
97800,616.6322631835938,491.56097412109375,497.4827880859375,13.811819076538086
97900,616.6322631835938,488.09808349609375,494.1297912597656,14.004525184631348
98000,616.6322631835938,489.60809326171875,495.6855773925781,14.058165550231934
98100,616.6322631835938,493.19256591796875,499.10284423828125,13.73847484588623
98200,616.6322631835938,492.07806396484375,497.9326171875,13.692255973815918
98300,616.6322631835938,487.32196044921875,493.25469970703125,14.027581214904785
98400,616.6322631835938,487.41534423828125,493.3892517089844,14.080242156982422
98500,616.6322631835938,487.3441162109375,493.27972412109375,14.006126403808594
98600,616.6322631835938,491.33929443359375,497.2809753417969,13.878462791442871
98700,616.6322631835938,497.4981689453125,503.3631286621094,13.666202545166016
98800,616.6322631835938,498.9812316894531,504.7619323730469,13.484810829162598
98900,616.6322631835938,495.75701904296875,501.6444396972656,13.910150527954102
99000,616.6322631835938,500.99371337890625,506.7439270019531,13.483022689819336
99100,616.6322631835938,500.6095275878906,506.4719543457031,13.580803871154785
99200,616.6322631835938,487.9656677246094,494.0001220703125,14.107706069946289
99300,616.6322631835938,494.60516357421875,500.4544677734375,13.689570426940918
99400,616.6322631835938,490.1973876953125,496.1353454589844,13.943355560302734
99500,616.6322631835938,497.4356689453125,503.207763671875,13.481301307678223
99600,616.6322631835938,500.0592041015625,505.8377685546875,13.417401313781738
99700,616.6322631835938,501.13177490234375,506.90582275390625,13.360821723937988
99800,616.6322631835938,501.57049560546875,507.34783935546875,13.396086692810059
99900,616.6322631835938,494.0367126464844,499.8922424316406,13.606887817382812
100000,616.6322631835938,493.1150207519531,498.94183349609375,13.670440673828125
100100,616.6322631835938,492.7524108886719,498.6592102050781,13.70058822631836
100200,616.6322631835938,490.1508483886719,496.15936279296875,13.984416007995605
100300,616.6322631835938,488.3206787109375,494.3118591308594,14.096880912780762
100400,616.6322631835938,476.63909912109375,482.91162109375,14.934393882751465
100500,616.6322631835938,475.1272277832031,481.2954406738281,14.865362167358398
100600,616.6322631835938,484.0736389160156,490.1131591796875,14.42229175567627
100700,616.6322631835938,487.0932312011719,493.0550231933594,14.134465217590332
100800,616.6322631835938,489.03173828125,495.00006103515625,14.191543579101562
100900,616.6322631835938,491.9960632324219,497.8789367675781,13.965034484863281
101000,616.6322631835938,493.88177490234375,499.7549743652344,13.889311790466309
101100,616.6322631835938,497.3077087402344,503.1524963378906,13.667475700378418
101200,616.6322631835938,484.5425109863281,490.5368347167969,14.19216537475586
101300,616.6322631835938,484.0583190917969,490.0855712890625,14.32111930847168
101400,616.6322631835938,482.07586669921875,488.1799621582031,14.461609840393066
101500,616.6322631835938,481.1000061035156,487.2604675292969,14.549832344055176
101600,616.6322631835938,482.8043518066406,488.8617858886719,14.287017822265625
101700,616.6322631835938,491.7756652832031,497.68695068359375,13.807720184326172
101800,616.6322631835938,492.45428466796875,498.3854675292969,13.732156753540039
101900,616.6322631835938,491.5450744628906,497.5355529785156,14.062653541564941
102000,616.6322631835938,491.0405578613281,497.1248474121094,14.146437644958496
102100,616.6322631835938,492.75927734375,498.80169677734375,14.053204536437988
102200,616.6322631835938,486.2047424316406,492.216796875,14.096772193908691
102300,616.6322631835938,486.26214599609375,492.20751953125,14.081218719482422
102400,616.6322631835938,488.614990234375,494.5299377441406,14.021453857421875
102500,616.6322631835938,491.61199951171875,497.4276428222656,13.794675827026367
102600,616.6322631835938,488.3680419921875,494.34405517578125,14.0291748046875
102700,616.6322631835938,489.3992919921875,495.2631530761719,13.846657752990723
102800,616.6322631835938,487.4903564453125,493.4011535644531,13.99831771850586
102900,616.6322631835938,489.3864440917969,495.2215881347656,13.74966049194336
103000,616.6322631835938,487.60272216796875,493.4579162597656,13.719050407409668
103100,616.6322631835938,493.0009460449219,498.7491760253906,13.439718246459961
103200,616.6322631835938,491.94696044921875,497.8249816894531,13.626114845275879
103300,616.6322631835938,495.44573974609375,501.20574951171875,13.432337760925293
103400,616.6322631835938,497.1806640625,502.9344787597656,13.349032402038574
103500,616.6322631835938,494.12457275390625,499.89434814453125,13.51231575012207
103600,616.6322631835938,493.7306823730469,499.4920349121094,13.583513259887695
103700,616.6322631835938,496.46990966796875,502.1917419433594,13.425917625427246
103800,616.6322631835938,488.3099670410156,494.16949462890625,13.728386878967285
103900,616.6322631835938,483.36492919921875,489.3435363769531,14.274930000305176
104000,616.6322631835938,483.94610595703125,489.9638977050781,14.355366706848145
104100,616.6322631835938,484.0300598144531,490.0182189941406,14.236165046691895
104200,616.6322631835938,486.699462890625,492.6901550292969,14.170357704162598
104300,616.6322631835938,482.64898681640625,488.76397705078125,14.426183700561523
104400,616.6322631835938,479.8646545410156,486.04034423828125,14.504313468933105
104500,616.6322631835938,478.86602783203125,485.07666015625,14.562769889831543
104600,616.6322631835938,486.55224609375,492.6017761230469,14.154215812683105
104700,616.6322631835938,488.43218994140625,494.34649658203125,13.981268882751465
104800,616.6322631835938,482.63385009765625,488.50714111328125,14.106171607971191
104900,616.6322631835938,492.3388671875,498.051513671875,13.60843563079834
105000,616.6322631835938,490.8659362792969,496.5776062011719,13.610322952270508
105100,616.6322631835938,494.74725341796875,500.46746826171875,13.549650192260742
105200,616.6322631835938,496.8501892089844,502.5998840332031,13.458824157714844
105300,616.6322631835938,497.39080810546875,503.2852478027344,13.634103775024414
105400,616.6322631835938,494.8948669433594,500.77093505859375,13.813740730285645
105500,616.6322631835938,489.0146179199219,494.98626708984375,14.167840957641602
105600,616.6322631835938,488.40057373046875,494.50982666015625,14.341920852661133
105700,616.6322631835938,480.6877136230469,486.9648742675781,14.843366622924805
105800,616.6322631835938,473.8609924316406,480.1983337402344,15.081890106201172
105900,616.6322631835938,478.5175476074219,484.7409362792969,14.67788314819336
106000,616.6322631835938,491.36712646484375,497.3293151855469,13.967609405517578
106100,616.6322631835938,479.70550537109375,485.9074401855469,14.542908668518066
106200,616.6322631835938,488.0815124511719,494.0766906738281,14.091085433959961
106300,616.6322631835938,480.44500732421875,486.6307067871094,14.511409759521484
106400,616.6322631835938,485.2371520996094,491.1988830566406,14.070148468017578
106500,616.6322631835938,487.0613708496094,493.1263732910156,14.202800750732422
106600,616.6322631835938,490.7089538574219,496.7090759277344,13.997501373291016
106700,616.6322631835938,489.5666198730469,495.46746826171875,13.968185424804688
106800,616.6322631835938,495.3740234375,501.1377258300781,13.602664947509766
106900,616.6322631835938,499.2881774902344,504.9827575683594,13.326530456542969
107000,616.6322631835938,500.0178527832031,505.79833984375,13.544154167175293
107100,616.6322631835938,494.8406066894531,500.61639404296875,13.587023735046387
107200,616.6322631835938,499.2920227050781,504.9757385253906,13.282241821289062
107300,616.6322631835938,494.56378173828125,500.29473876953125,13.482845306396484
107400,616.6322631835938,494.686279296875,500.503173828125,13.54185676574707
107500,616.6322631835938,499.9094543457031,505.6133117675781,13.278481483459473
107600,616.6322631835938,500.60125732421875,506.3014831542969,13.331645011901855
107700,616.6322631835938,500.43316650390625,506.1065368652344,13.244283676147461
107800,616.6322631835938,489.94952392578125,495.69134521484375,13.689785957336426
107900,616.6322631835938,493.970458984375,499.6868591308594,13.516255378723145
108000,616.6322631835938,492.3798828125,498.0246887207031,13.429468154907227
108100,616.6322631835938,493.8217468261719,499.48455810546875,13.471860885620117
108200,616.6322631835938,492.3853454589844,498.20477294921875,13.66700267791748
108300,616.6322631835938,492.9926452636719,498.79296875,13.629945755004883
108400,616.6322631835938,489.3927917480469,495.2515869140625,13.845436096191406
108500,616.6322631835938,493.1747131347656,498.9383544921875,13.614312171936035
108600,616.6322631835938,498.3559265136719,504.046875,13.348773956298828
108700,616.6322631835938,499.09637451171875,504.922607421875,13.503204345703125
108800,616.6322631835938,501.0174560546875,506.8091125488281,13.428333282470703
108900,616.6322631835938,490.1622009277344,495.983642578125,13.887730598449707
109000,616.6322631835938,484.7494812011719,490.7331848144531,14.26464557647705
109100,616.6322631835938,479.60986328125,485.6790771484375,14.548542022705078
109200,616.6322631835938,487.1658630371094,493.12713623046875,14.19808292388916
109300,616.6322631835938,493.75537109375,499.5800476074219,13.78333568572998
109400,616.6322631835938,492.5308837890625,498.4139099121094,13.867883682250977
109500,616.6322631835938,488.60943603515625,494.4714660644531,13.900409698486328
109600,616.6322631835938,491.21771240234375,497.0702819824219,13.759479522705078
109700,616.6322631835938,484.4308776855469,490.4599304199219,14.152898788452148
109800,616.6322631835938,481.93072509765625,488.0580139160156,14.34073257446289
109900,616.6322631835938,484.1108703613281,490.2306213378906,14.297825813293457
110000,616.6322631835938,486.4413757324219,492.46722412109375,14.140597343444824
110100,616.6322631835938,482.16107177734375,488.23974609375,14.410322189331055
110200,616.6322631835938,487.87548828125,493.87335205078125,14.086888313293457
110300,616.6322631835938,484.1369934082031,490.2689208984375,14.328022956848145
110400,616.6322631835938,489.49591064453125,495.49078369140625,14.038503646850586
110500,616.6322631835938,484.63616943359375,490.6697692871094,14.287867546081543
110600,616.6322631835938,490.959228515625,496.8158264160156,13.838483810424805
110700,616.6322631835938,495.8995056152344,501.6722412109375,13.554093360900879
110800,616.6322631835938,498.1787109375,503.917236328125,13.416703224182129
110900,616.6322631835938,497.7992248535156,503.57537841796875,13.539938926696777
111000,616.6322631835938,499.8465881347656,505.5791320800781,13.426671981811523
111100,616.6322631835938,496.89324951171875,502.67742919921875,13.433902740478516
111200,616.6322631835938,497.18084716796875,503.0003967285156,13.493070602416992
111300,616.6322631835938,494.2184753417969,499.9979248046875,13.59604549407959
111400,616.6322631835938,498.5098571777344,504.2306213378906,13.349348068237305
111500,616.6322631835938,501.81146240234375,507.4396667480469,13.121508598327637
111600,616.6322631835938,499.6116943359375,505.333251953125,13.334908485412598
111700,616.6322631835938,498.3204650878906,504.1043395996094,13.588654518127441
111800,616.6322631835938,495.6800842285156,501.451904296875,13.581825256347656
111900,616.6322631835938,498.0693054199219,503.77020263671875,13.415522575378418
112000,616.6322631835938,498.4920959472656,504.222900390625,13.476398468017578
112100,616.6322631835938,497.2651062011719,503.1548767089844,13.73231315612793
112200,616.6322631835938,493.3160400390625,499.28582763671875,14.026983261108398
112300,616.6322631835938,491.8780212402344,497.82623291015625,13.900270462036133
112400,616.6322631835938,494.55780029296875,500.4216613769531,13.730781555175781
112500,616.6322631835938,490.8844909667969,496.7941589355469,13.8305082321167
112600,616.6322631835938,491.5021667480469,497.4361267089844,13.83105182647705
112700,616.6322631835938,491.6242370605469,497.6308288574219,14.079952239990234
112800,616.6322631835938,490.36639404296875,496.27978515625,13.966778755187988
112900,616.6322631835938,492.93060302734375,498.8180847167969,13.846323013305664
113000,616.6322631835938,496.4315185546875,502.205810546875,13.55532455444336
113100,616.6322631835938,497.9077453613281,503.67388916015625,13.47130298614502
113200,616.6322631835938,493.245361328125,499.1190490722656,13.840707778930664
113300,616.6322631835938,484.2847595214844,490.422607421875,14.47558307647705
113400,616.6322631835938,489.746826171875,495.8214111328125,14.214224815368652
113500,616.6322631835938,482.7254638671875,488.78057861328125,14.369665145874023
113600,616.6322631835938,484.5736389160156,490.6017150878906,14.183422088623047
113700,616.6322631835938,483.558349609375,489.6322021484375,14.381757736206055
113800,616.6322631835938,489.1535339355469,495.0439147949219,13.948909759521484
113900,616.6322631835938,488.9207763671875,494.8677062988281,14.066082954406738
114000,616.6322631835938,491.2037353515625,497.0421447753906,13.788429260253906
114100,616.6322631835938,492.6295166015625,498.4660949707031,13.687270164489746
114200,616.6322631835938,481.02587890625,487.06170654296875,14.317020416259766
114300,616.6322631835938,480.90869140625,486.95941162109375,14.252671241760254
114400,616.6322631835938,487.223388671875,493.14117431640625,13.977060317993164
114500,616.6322631835938,490.072998046875,495.9606018066406,13.880939483642578
114600,616.6322631835938,481.0325012207031,487.1445007324219,14.387065887451172
114700,616.6322631835938,479.6625061035156,485.7988586425781,14.363872528076172
114800,616.6322631835938,482.59808349609375,488.73388671875,14.436213493347168
114900,616.6322631835938,475.84918212890625,482.0266418457031,14.780105590820312
115000,616.6322631835938,486.2781066894531,492.3744812011719,14.399089813232422
115100,616.6322631835938,486.29840087890625,492.3081359863281,14.309713363647461
115200,616.6322631835938,483.8516845703125,489.90966796875,14.31380558013916
115300,616.6322631835938,485.9520263671875,491.94732666015625,14.16211986541748
115400,616.6322631835938,490.6527404785156,496.53228759765625,13.880288124084473
115500,616.6322631835938,489.7882995605469,495.640380859375,13.827662467956543
115600,616.6322631835938,493.5362243652344,499.3174133300781,13.64827823638916
115700,616.6322631835938,490.6697692871094,496.5237121582031,13.83705997467041
115800,616.6322631835938,491.9367980957031,497.7220764160156,13.733264923095703
115900,616.6322631835938,493.50030517578125,499.2633361816406,13.63780403137207
116000,616.6322631835938,494.2652893066406,499.9344787597656,13.466180801391602
116100,616.6322631835938,493.794189453125,499.4884033203125,13.486546516418457
116200,616.6322631835938,498.3963317871094,504.0072326660156,13.22574520111084
116300,616.6322631835938,488.5291748046875,494.26153564453125,13.746574401855469
116400,616.6322631835938,483.5031433105469,489.376708984375,14.135190963745117
116500,616.6322631835938,483.3814392089844,489.34344482421875,14.247114181518555
116600,616.6322631835938,491.3209533691406,497.2102355957031,13.896363258361816
116700,616.6322631835938,492.0367126464844,497.8710021972656,13.836085319519043
116800,616.6322631835938,497.7023010253906,503.39129638671875,13.439629554748535
116900,616.6322631835938,502.85870361328125,508.48016357421875,13.195089340209961
117000,616.6322631835938,496.46856689453125,502.3392639160156,13.701553344726562
117100,616.6322631835938,495.21649169921875,501.14276123046875,13.713042259216309
117200,616.6322631835938,493.8188781738281,499.7159729003906,13.705131530761719
117300,616.6322631835938,491.8461608886719,497.7064208984375,13.738419532775879
117400,616.6322631835938,489.9742736816406,495.8970642089844,13.8101806640625
117500,616.6322631835938,491.9435729980469,497.7362060546875,13.606492042541504
117600,616.6322631835938,494.5016174316406,500.4092712402344,13.695106506347656
117700,616.6322631835938,492.03155517578125,497.89263916015625,13.742583274841309
117800,616.6322631835938,485.79766845703125,491.7949523925781,14.104314804077148
117900,616.6322631835938,493.1719970703125,499.0299072265625,13.697084426879883
118000,616.6322631835938,493.6986389160156,499.45159912109375,13.54598331451416
118100,616.6322631835938,490.2403564453125,496.06585693359375,13.721699714660645
118200,616.6322631835938,490.29119873046875,496.086181640625,13.709918975830078
118300,616.6322631835938,491.55523681640625,497.41217041015625,13.761207580566406
118400,616.6322631835938,491.1737365722656,497.0390930175781,13.807868003845215
118500,616.6322631835938,487.18231201171875,493.028564453125,13.977615356445312
118600,616.6322631835938,490.294921875,496.1361389160156,13.812790870666504
118700,616.6322631835938,492.812744140625,498.5625915527344,13.623247146606445
118800,616.6322631835938,493.1228942871094,498.9253845214844,13.594498634338379
118900,616.6322631835938,486.87713623046875,492.7926025390625,14.107763290405273
119000,616.6322631835938,487.9902648925781,494.0071716308594,14.129283905029297
119100,616.6322631835938,491.8695068359375,497.8153381347656,13.921557426452637
119200,616.6322631835938,493.11566162109375,498.9577941894531,13.688319206237793
119300,616.6322631835938,493.6408996582031,499.5048828125,13.775602340698242
119400,616.6322631835938,495.07965087890625,500.9313659667969,13.716760635375977
119500,616.6322631835938,498.484375,504.3164367675781,13.631549835205078
119600,616.6322631835938,501.02294921875,506.8309326171875,13.51594352722168
119700,616.6322631835938,500.89404296875,506.6309814453125,13.361639976501465
119800,616.6322631835938,500.3114318847656,506.0172424316406,13.301226615905762
119900,616.6322631835938,492.1773986816406,498.0113525390625,13.753470420837402
120000,616.6322631835938,490.34423828125,496.2031555175781,13.857573509216309
120100,616.6322631835938,488.76031494140625,494.6890563964844,13.885104179382324
120200,616.6322631835938,494.88031005859375,500.7244567871094,13.660792350769043
120300,616.6322631835938,489.13482666015625,495.1737060546875,14.286766052246094
120400,616.6322631835938,484.2731628417969,490.30694580078125,14.343323707580566
120500,616.6322631835938,483.9012145996094,489.87939453125,14.338394165039062
120600,616.6322631835938,483.150390625,489.05908203125,14.184215545654297
120700,616.6322631835938,488.04669189453125,493.9252624511719,14.018803596496582
120800,616.6322631835938,486.9255676269531,492.8608703613281,14.182357788085938
120900,616.6322631835938,491.08734130859375,496.96954345703125,13.952954292297363
121000,616.6322631835938,493.70953369140625,499.533203125,13.815924644470215
121100,616.6322631835938,493.4184265136719,499.1677551269531,13.67359733581543
121200,616.6322631835938,491.7550354003906,497.5301208496094,13.616289138793945
121300,616.6322631835938,491.7203369140625,497.500244140625,13.6303071975708
121400,616.6322631835938,492.84161376953125,498.61517333984375,13.61148738861084
121500,616.6322631835938,490.19561767578125,496.07672119140625,13.888800621032715
121600,616.6322631835938,487.3883972167969,493.3680419921875,14.127897262573242
121700,616.6322631835938,486.0366516113281,491.9497375488281,13.994918823242188
121800,616.6322631835938,486.0803527832031,492.04296875,14.053153991699219
121900,616.6322631835938,490.4627380371094,496.35467529296875,13.858738899230957
122000,616.6322631835938,487.2406005859375,493.1725769042969,13.951933860778809
122100,616.6322631835938,490.7606506347656,496.70416259765625,13.887686729431152
122200,616.6322631835938,491.5684814453125,497.5675964355469,13.956974029541016
122300,616.6322631835938,493.32830810546875,499.2480773925781,13.819433212280273
122400,616.6322631835938,495.0798034667969,500.9544982910156,13.6731595993042
122500,616.6322631835938,495.0450439453125,500.8693542480469,13.634527206420898
122600,616.6322631835938,499.106689453125,504.9669494628906,13.577905654907227
122700,616.6322631835938,498.8464050292969,504.7518310546875,13.62947940826416
122800,616.6322631835938,493.60406494140625,499.6417541503906,14.001184463500977
122900,616.6322631835938,497.03662109375,502.94683837890625,13.65304183959961
123000,616.6322631835938,499.60467529296875,505.4585266113281,13.507286071777344
123100,616.6322631835938,497.5819091796875,503.383056640625,13.562849044799805
123200,616.6322631835938,495.8733215332031,501.6766052246094,13.607491493225098
123300,616.6322631835938,494.2922668457031,500.1310729980469,13.780996322631836
123400,616.6322631835938,494.62554931640625,500.39117431640625,13.665380477905273
123500,616.6322631835938,494.4507141113281,500.3712463378906,13.975050926208496
123600,616.6322631835938,496.7619323730469,502.5982360839844,13.726400375366211
123700,616.6322631835938,496.87158203125,502.76861572265625,13.710799217224121
123800,616.6322631835938,495.5422668457031,501.380859375,13.683086395263672
123900,616.6322631835938,489.1162109375,495.04888916015625,14.170344352722168
124000,616.6322631835938,492.5516357421875,498.5522155761719,14.057599067687988
124100,616.6322631835938,493.4693603515625,499.4115295410156,13.953742980957031
124200,616.6322631835938,489.5358581542969,495.5259704589844,14.035314559936523
124300,616.6322631835938,488.5136413574219,494.6019592285156,14.245622634887695
124400,616.6322631835938,491.7452697753906,497.6632080078125,13.842048645019531
124500,616.6322631835938,495.53582763671875,501.40167236328125,13.70801067352295
124600,616.6322631835938,492.3443298339844,498.1667785644531,13.77857780456543
124700,616.6322631835938,497.6548767089844,503.4674072265625,13.60059928894043
124800,616.6322631835938,492.68902587890625,498.5849914550781,13.728717803955078
124900,616.6322631835938,491.81329345703125,497.7215881347656,13.836155891418457
125000,616.6322631835938,496.1715087890625,501.9815673828125,13.591696739196777
125100,616.6322631835938,495.1232604980469,500.9294738769531,13.503890991210938
125200,616.6322631835938,498.7643127441406,504.5397033691406,13.458442687988281
125300,616.6322631835938,497.5203552246094,503.30328369140625,13.458378791809082
125400,616.6322631835938,493.0863342285156,498.8213806152344,13.444489479064941
125500,616.6322631835938,496.0113525390625,501.6782531738281,13.27003288269043
125600,616.6322631835938,493.5520324707031,499.3262939453125,13.631270408630371
125700,616.6322631835938,479.0783996582031,485.04656982421875,14.42870807647705
125800,616.6322631835938,485.6079406738281,491.5154113769531,14.172739028930664
125900,616.6322631835938,486.0363464355469,492.05316162109375,14.270397186279297
126000,616.6322631835938,484.4244384765625,490.50732421875,14.463804244995117
126100,616.6322631835938,481.0743408203125,487.14874267578125,14.511343002319336
126200,616.6322631835938,487.4025573730469,493.47247314453125,14.2991361618042
126300,616.6322631835938,493.5218811035156,499.4408874511719,13.890804290771484
126400,616.6322631835938,494.8229064941406,500.6789245605469,13.736593246459961
126500,616.6322631835938,497.8746643066406,503.72894287109375,13.690751075744629
126600,616.6322631835938,500.9617614746094,506.78533935546875,13.515593528747559
126700,616.6322631835938,495.7568664550781,501.6184387207031,13.747325897216797
126800,616.6322631835938,496.0281066894531,501.84661865234375,13.66672420501709
126900,616.6322631835938,497.27642822265625,503.07623291015625,13.633928298950195
127000,616.6322631835938,498.2643127441406,504.010009765625,13.518746376037598
127100,616.6322631835938,497.4184875488281,503.18756103515625,13.565240859985352
127200,616.6322631835938,495.9280090332031,501.6839294433594,13.50425910949707
127300,616.6322631835938,493.1026916503906,498.9622802734375,13.840669631958008
127400,616.6322631835938,490.32513427734375,496.214111328125,13.963299751281738
127500,616.6322631835938,486.8194885253906,492.83551025390625,14.260424613952637
127600,616.6322631835938,492.5594177246094,498.4820556640625,13.976305961608887
127700,616.6322631835938,496.3569030761719,502.19195556640625,13.733964920043945
127800,616.6322631835938,498.2255554199219,504.0238037109375,13.535846710205078
127900,616.6322631835938,490.7691650390625,496.8717956542969,14.212746620178223
128000,616.6322631835938,494.4471130371094,500.4143981933594,13.8964204788208
128100,616.6322631835938,495.7792663574219,501.7024841308594,13.80618953704834
128200,616.6322631835938,499.7906188964844,505.55328369140625,13.434240341186523
128300,616.6322631835938,494.6466979980469,500.53399658203125,13.747124671936035
128400,616.6322631835938,498.0738830566406,503.8960876464844,13.544046401977539
128500,616.6322631835938,498.0640869140625,503.82568359375,13.497292518615723
128600,616.6322631835938,497.66180419921875,503.4440002441406,13.538408279418945
128700,616.6322631835938,493.501953125,499.287353515625,13.601036071777344
128800,616.6322631835938,488.0829772949219,493.924560546875,14.011567115783691
128900,616.6322631835938,485.6203308105469,491.52435302734375,14.089594841003418
129000,616.6322631835938,489.46234130859375,495.2872009277344,13.872603416442871
129100,616.6322631835938,489.36279296875,495.16839599609375,13.893020629882812
129200,616.6322631835938,493.875732421875,499.69921875,13.722847938537598
129300,616.6322631835938,498.16131591796875,503.9646911621094,13.58395767211914
129400,616.6322631835938,495.8070068359375,501.5271911621094,13.505311965942383
129500,616.6322631835938,494.8944396972656,500.7313232421875,13.753324508666992
129600,616.6322631835938,479.32916259765625,485.5142822265625,14.808030128479004
129700,616.6322631835938,488.1096496582031,494.09210205078125,14.148713111877441
129800,616.6322631835938,482.0756530761719,488.1873474121094,14.469918251037598
129900,616.6322631835938,486.2646484375,492.292724609375,14.155385971069336
130000,616.6322631835938,485.4309997558594,491.50689697265625,14.33337688446045
130100,616.6322631835938,488.4078369140625,494.4903869628906,14.357354164123535
130200,616.6322631835938,491.5430908203125,497.58172607421875,14.19927978515625
130300,616.6322631835938,490.40570068359375,496.3787536621094,14.097471237182617
130400,616.6322631835938,491.886962890625,497.92608642578125,14.095504760742188
130500,616.6322631835938,491.34051513671875,497.3498229980469,13.982183456420898
130600,616.6322631835938,494.5898742675781,500.4549255371094,13.724729537963867
130700,616.6322631835938,490.7730712890625,496.5865783691406,13.784276962280273
130800,616.6322631835938,488.1274108886719,494.0164489746094,13.89201545715332
130900,616.6322631835938,485.3749694824219,491.2455749511719,14.030696868896484
131000,616.6322631835938,479.8544006347656,485.78033447265625,14.130996704101562
131100,616.6322631835938,484.9696350097656,491.0077209472656,14.223817825317383
131200,616.6322631835938,480.9972839355469,487.13922119140625,14.368207931518555
131300,616.6322631835938,482.1306457519531,488.2940368652344,14.538698196411133
131400,616.6322631835938,474.48272705078125,480.758056640625,14.888009071350098
131500,616.6322631835938,474.9364013671875,481.26409912109375,15.02851676940918
131600,616.6322631835938,482.49127197265625,488.6827392578125,14.631720542907715
131700,616.6322631835938,488.52313232421875,494.54296875,14.155105590820312
131800,616.6322631835938,488.50860595703125,494.462158203125,14.00661563873291
131900,616.6322631835938,490.03668212890625,495.9913024902344,13.853912353515625
132000,616.6322631835938,492.848388671875,498.6882629394531,13.685256004333496
132100,616.6322631835938,491.7898254394531,497.7454833984375,13.935616493225098
132200,616.6322631835938,496.90887451171875,502.719482421875,13.583868026733398
132300,616.6322631835938,492.735595703125,498.5429382324219,13.544947624206543
132400,616.6322631835938,493.1290588378906,498.9387512207031,13.565876960754395
132500,616.6322631835938,495.6414489746094,501.368408203125,13.455780029296875
132600,616.6322631835938,492.3309326171875,498.116455078125,13.680779457092285
132700,616.6322631835938,492.810302734375,498.5812072753906,13.64452075958252
132800,616.6322631835938,497.2724304199219,502.9894104003906,13.398782730102539
132900,616.6322631835938,498.50128173828125,504.1679992675781,13.255517959594727
133000,616.6322631835938,500.786865234375,506.48150634765625,13.293684005737305
133100,616.6322631835938,497.4493713378906,503.232666015625,13.534337043762207
133200,616.6322631835938,491.16748046875,497.02093505859375,13.859447479248047
133300,616.6322631835938,488.9267272949219,494.8310546875,13.989472389221191
133400,616.6322631835938,491.3790588378906,497.28778076171875,13.86329174041748
133500,616.6322631835938,486.40289306640625,492.3893127441406,14.04028606414795
133600,616.6322631835938,483.3262939453125,489.3918762207031,14.28352165222168
133700,616.6322631835938,486.56341552734375,492.6236877441406,14.197452545166016
133800,616.6322631835938,490.4334716796875,496.3876037597656,13.951692581176758
133900,616.6322631835938,491.32745361328125,497.24041748046875,13.936010360717773
134000,616.6322631835938,488.03082275390625,494.0048828125,14.23055362701416
134100,616.6322631835938,485.8466491699219,491.82257080078125,14.33592414855957
134200,616.6322631835938,491.2522277832031,497.1465759277344,13.935870170593262
134300,616.6322631835938,494.0372619628906,499.80657958984375,13.646011352539062
134400,616.6322631835938,500.1159362792969,505.76202392578125,13.260287284851074
134500,616.6322631835938,498.28515625,504.1659851074219,13.598649024963379
134600,616.6322631835938,495.6287841796875,501.45330810546875,13.559440612792969
134700,616.6322631835938,490.26922607421875,496.15887451171875,13.8910551071167
134800,616.6322631835938,491.0540771484375,496.9176330566406,13.707771301269531
134900,616.6322631835938,493.7515563964844,499.6813049316406,13.83719253540039
135000,616.6322631835938,496.09423828125,501.91375732421875,13.53541088104248
135100,616.6322631835938,496.50738525390625,502.2622375488281,13.530975341796875
135200,616.6322631835938,495.44366455078125,501.3160095214844,13.749390602111816
135300,616.6322631835938,485.0523681640625,491.177734375,14.408272743225098
135400,616.6322631835938,485.75714111328125,491.92034912109375,14.526348114013672
135500,616.6322631835938,486.45196533203125,492.6225280761719,14.534730911254883
135600,616.6322631835938,492.205810546875,498.15069580078125,13.997697830200195
135700,616.6322631835938,487.06024169921875,492.99163818359375,14.172525405883789
135800,616.6322631835938,489.13714599609375,495.05621337890625,14.083056449890137
135900,616.6322631835938,487.96173095703125,493.9834899902344,14.204069137573242
136000,616.6322631835938,482.1903991699219,488.3370666503906,14.473843574523926
136100,616.6322631835938,482.7549743652344,488.8081970214844,14.28612995147705
136200,616.6322631835938,488.2262878417969,494.2147521972656,14.029258728027344
136300,616.6322631835938,478.4993896484375,484.5172119140625,14.45994758605957
136400,616.6322631835938,480.0168151855469,486.04986572265625,14.438112258911133
136500,616.6322631835938,480.193115234375,486.2483215332031,14.389772415161133
136600,616.6322631835938,486.82928466796875,492.713134765625,13.94244384765625
136700,616.6322631835938,482.52105712890625,488.5871887207031,14.276528358459473
136800,616.6322631835938,488.9701843261719,494.9887390136719,14.041698455810547
136900,616.6322631835938,492.43841552734375,498.36468505859375,13.750545501708984
137000,616.6322631835938,491.101806640625,496.9646301269531,13.703516006469727
137100,616.6322631835938,486.9371032714844,492.82916259765625,13.833308219909668
137200,616.6322631835938,496.2401123046875,501.9514465332031,13.340316772460938
137300,616.6322631835938,492.4798889160156,498.2786865234375,13.64166259765625
137400,616.6322631835938,494.202392578125,499.9333801269531,13.471166610717773
137500,616.6322631835938,488.5355224609375,494.3311767578125,13.730794906616211
137600,616.6322631835938,492.232177734375,497.9891357421875,13.5225191116333
137700,616.6322631835938,495.0307312011719,500.8039245605469,13.446805000305176
137800,616.6322631835938,497.0804748535156,502.7581787109375,13.279414176940918
137900,616.6322631835938,496.05950927734375,501.7631530761719,13.394584655761719
138000,616.6322631835938,499.9524230957031,505.67584228515625,13.296845436096191
138100,616.6322631835938,496.32421875,502.12994384765625,13.427623748779297
138200,616.6322631835938,493.4962463378906,499.3797302246094,13.714505195617676
138300,616.6322631835938,487.0304260253906,493.0436096191406,14.010488510131836
138400,616.6322631835938,490.9286193847656,496.7944641113281,13.742842674255371
138500,616.6322631835938,488.5382385253906,494.4630126953125,13.950852394104004
138600,616.6322631835938,489.4154052734375,495.4267883300781,14.058746337890625
138700,616.6322631835938,495.5895080566406,501.4993896484375,13.814249992370605
138800,616.6322631835938,497.26123046875,503.16082763671875,13.698013305664062
138900,616.6322631835938,501.1069641113281,506.8875427246094,13.371145248413086
139000,616.6322631835938,502.7015686035156,508.36468505859375,13.1477689743042
139100,616.6322631835938,491.727294921875,497.6270751953125,13.75839900970459
139200,616.6322631835938,492.16748046875,498.0106506347656,13.620077133178711
139300,616.6322631835938,491.0635986328125,496.86822509765625,13.616857528686523
139400,616.6322631835938,490.0770263671875,495.96844482421875,13.954444885253906
139500,616.6322631835938,490.79974365234375,496.71051025390625,13.853386878967285
139600,616.6322631835938,491.056396484375,496.95867919921875,13.805183410644531
139700,616.6322631835938,494.866943359375,500.70098876953125,13.64072322845459
139800,616.6322631835938,487.98077392578125,493.85711669921875,13.964847564697266
139900,616.6322631835938,493.115478515625,498.8952941894531,13.62484359741211
140000,616.6322631835938,489.3001708984375,495.1923522949219,13.99621868133545
140100,616.6322631835938,490.626708984375,496.4947204589844,13.85794448852539
140200,616.6322631835938,492.6834411621094,498.5813293457031,13.868387222290039
140300,616.6322631835938,490.5478515625,496.428955078125,13.868803024291992
140400,616.6322631835938,493.926025390625,499.817138671875,13.767969131469727
140500,616.6322631835938,496.69818115234375,502.63226318359375,13.81755542755127
140600,616.6322631835938,496.907958984375,502.8118896484375,13.654010772705078
140700,616.6322631835938,499.9478759765625,505.7999267578125,13.568679809570312
140800,616.6322631835938,497.7454528808594,503.564697265625,13.576957702636719
140900,616.6322631835938,500.22039794921875,505.9347229003906,13.329434394836426
141000,616.6322631835938,499.3518981933594,505.098388671875,13.346420288085938
141100,616.6322631835938,498.1089782714844,503.8415832519531,13.409233093261719
141200,616.6322631835938,495.56903076171875,501.2876281738281,13.53526782989502
141300,616.6322631835938,496.11358642578125,501.83636474609375,13.459026336669922
141400,616.6322631835938,499.81854248046875,505.4732666015625,13.26120376586914
141500,616.6322631835938,500.50250244140625,506.1206970214844,13.19768238067627
141600,616.6322631835938,496.3595886230469,502.0789794921875,13.526900291442871
141700,616.6322631835938,485.3358154296875,491.4026184082031,14.347905158996582
141800,616.6322631835938,482.8858337402344,488.89263916015625,14.387139320373535
141900,616.6322631835938,487.7898864746094,493.72186279296875,14.19313907623291
142000,616.6322631835938,486.8420104980469,492.85235595703125,14.132811546325684
142100,616.6322631835938,478.7917785644531,484.88397216796875,14.560772895812988
142200,616.6322631835938,486.280029296875,492.32763671875,14.269639015197754
142300,616.6322631835938,491.0531005859375,497.14532470703125,14.212900161743164
142400,616.6322631835938,488.7845153808594,494.8232727050781,14.18515682220459
142500,616.6322631835938,490.55718994140625,496.4535827636719,13.83336353302002
142600,616.6322631835938,488.58587646484375,494.6213684082031,14.155721664428711
142700,616.6322631835938,489.2291259765625,495.2857666015625,14.216044425964355
142800,616.6322631835938,483.8106384277344,490.0256042480469,14.51014232635498
142900,616.6322631835938,486.7768859863281,492.8251037597656,14.143790245056152
143000,616.6322631835938,491.15826416015625,497.0782470703125,13.893213272094727
143100,616.6322631835938,493.2439880371094,499.09906005859375,13.721125602722168
143200,616.6322631835938,480.93963623046875,486.9894104003906,14.343372344970703
143300,616.6322631835938,488.4167785644531,494.3211364746094,13.93823528289795
143400,616.6322631835938,482.58880615234375,488.6256103515625,14.277488708496094
143500,616.6322631835938,483.0129089355469,488.9727783203125,14.271260261535645
143600,616.6322631835938,489.3362121582031,495.2246398925781,14.03123664855957
143700,616.6322631835938,491.7237854003906,497.57086181640625,13.868057250976562
143800,616.6322631835938,479.4934387207031,485.4938659667969,14.450879096984863
143900,616.6322631835938,486.35986328125,492.2863464355469,14.069648742675781
144000,616.6322631835938,476.71820068359375,482.76519775390625,14.452825546264648
144100,616.6322631835938,488.6260986328125,494.4564514160156,13.795544624328613
144200,616.6322631835938,492.6483154296875,498.47271728515625,13.609350204467773
144300,616.6322631835938,489.2640075683594,495.1700439453125,13.831170082092285
144400,616.6322631835938,494.3741455078125,500.258056640625,13.728225708007812
144500,616.6322631835938,495.89874267578125,501.6505126953125,13.482698440551758
144600,616.6322631835938,494.547607421875,500.44329833984375,13.69408893585205
144700,616.6322631835938,480.488525390625,486.7247314453125,14.442391395568848
144800,616.6322631835938,484.61260986328125,490.73614501953125,14.249382972717285
144900,616.6322631835938,479.68206787109375,485.8687744140625,14.434880256652832
145000,616.6322631835938,480.7272033691406,486.9277648925781,14.498241424560547
145100,616.6322631835938,483.7236022949219,489.8584289550781,14.393136024475098
145200,616.6322631835938,488.91357421875,494.98004150390625,14.165220260620117
145300,616.6322631835938,489.30096435546875,495.2963562011719,14.066319465637207
145400,616.6322631835938,492.59918212890625,498.490478515625,13.887981414794922
145500,616.6322631835938,497.8961486816406,503.7678527832031,13.726576805114746
145600,616.6322631835938,498.5829772949219,504.441650390625,13.586440086364746
145700,616.6322631835938,492.4453430175781,498.2916564941406,13.824786186218262
145800,616.6322631835938,498.0743103027344,503.8428039550781,13.523113250732422
145900,616.6322631835938,495.01153564453125,500.8016052246094,13.624866485595703
146000,616.6322631835938,484.0201110839844,489.9957580566406,14.22108268737793
146100,616.6322631835938,491.9971618652344,497.8027038574219,13.738524436950684
146200,616.6322631835938,489.5835876464844,495.5115051269531,13.979721069335938
146300,616.6322631835938,490.51190185546875,496.416259765625,13.999762535095215
146400,616.6322631835938,491.1837463378906,497.0328063964844,13.761080741882324
146500,616.6322631835938,492.0786437988281,497.9767150878906,13.92004108428955
146600,616.6322631835938,486.85687255859375,492.8854675292969,14.24426555633545
146700,616.6322631835938,487.8498840332031,493.9934997558594,14.275395393371582
146800,616.6322631835938,491.4150085449219,497.3736572265625,13.946106910705566
146900,616.6322631835938,490.0274353027344,495.97784423828125,14.029480934143066
147000,616.6322631835938,493.2106018066406,499.0371398925781,13.706927299499512
147100,616.6322631835938,494.0296630859375,499.8407897949219,13.68295955657959
147200,616.6322631835938,498.1720886230469,503.97332763671875,13.55969524383545
147300,616.6322631835938,494.26544189453125,500.1539001464844,13.7345552444458
147400,616.6322631835938,495.2457580566406,501.0859069824219,13.628338813781738
147500,616.6322631835938,488.8412780761719,494.8101806640625,14.063591003417969
147600,616.6322631835938,489.2908020019531,495.14862060546875,13.891549110412598
147700,616.6322631835938,491.2480163574219,497.10009765625,13.793050765991211
147800,616.6322631835938,487.13323974609375,493.0531005859375,14.05936050415039
147900,616.6322631835938,489.7508239746094,495.72247314453125,14.09458065032959
148000,616.6322631835938,491.7589416503906,497.7770080566406,14.083024024963379
148100,616.6322631835938,493.7148132324219,499.62603759765625,13.816152572631836
148200,616.6322631835938,492.58892822265625,498.5660095214844,13.9435453414917
148300,616.6322631835938,494.4916076660156,500.4437255859375,13.922103881835938
148400,616.6322631835938,491.14813232421875,497.1417541503906,14.153254508972168
148500,616.6322631835938,491.2214660644531,497.2281188964844,14.18097972869873
148600,616.6322631835938,495.35015869140625,501.2343444824219,13.791768074035645
148700,616.6322631835938,486.3277282714844,492.3565368652344,14.196636199951172
148800,616.6322631835938,491.64373779296875,497.7136535644531,14.138290405273438
148900,616.6322631835938,489.554931640625,495.6698303222656,14.260891914367676
149000,616.6322631835938,492.7858581542969,498.8070068359375,14.043099403381348
149100,616.6322631835938,492.52545166015625,498.499267578125,13.87528133392334
149200,616.6322631835938,493.5333251953125,499.41693115234375,13.696955680847168
149300,616.6322631835938,497.6540832519531,503.45654296875,13.47900104522705
149400,616.6322631835938,492.22723388671875,497.9889831542969,13.557278633117676
149500,616.6322631835938,495.7616271972656,501.5001220703125,13.38906192779541
149600,616.6322631835938,491.79364013671875,497.5898132324219,13.631035804748535
149700,616.6322631835938,493.1126708984375,499.0211486816406,13.752058029174805
149800,616.6322631835938,495.5483093261719,501.3396911621094,13.507646560668945
149900,616.6322631835938,492.44097900390625,498.4106140136719,13.924263000488281
150000,616.6322631835938,497.8358459472656,503.63629150390625,13.554766654968262
150100,616.6322631835938,498.7676696777344,504.5418701171875,13.546957969665527
150200,616.6322631835938,497.4817199707031,503.24468994140625,13.525836944580078
150300,616.6322631835938,492.131591796875,497.9793395996094,13.757227897644043
150400,616.6322631835938,495.5611572265625,501.4960021972656,13.806160926818848
150500,616.6322631835938,489.6757507324219,495.7056579589844,14.082359313964844
150600,616.6322631835938,495.2351989746094,501.1072082519531,13.7045259475708
150700,616.6322631835938,487.54095458984375,493.44708251953125,13.940711975097656
150800,616.6322631835938,485.1871337890625,491.0318298339844,13.899307250976562
150900,616.6322631835938,487.04412841796875,492.83734130859375,13.778813362121582
151000,616.6322631835938,485.9881591796875,491.8360595703125,13.91412353515625
151100,616.6322631835938,494.1598205566406,499.89447021484375,13.55422592163086
151200,616.6322631835938,496.8414306640625,502.5616760253906,13.511320114135742
151300,616.6322631835938,494.0574645996094,499.8749694824219,13.641305923461914
151400,616.6322631835938,494.79766845703125,500.72198486328125,13.794898986816406
151500,616.6322631835938,497.10687255859375,503.0769958496094,13.906827926635742
151600,616.6322631835938,493.7198181152344,499.6939697265625,13.94128131866455
151700,616.6322631835938,485.94073486328125,492.0579528808594,14.449275970458984
151800,616.6322631835938,489.94268798828125,496.0489196777344,14.290481567382812
151900,616.6322631835938,487.2756652832031,493.2936706542969,14.193809509277344
152000,616.6322631835938,490.1958923339844,496.1188049316406,13.96270751953125
152100,616.6322631835938,496.0783996582031,501.8310546875,13.528938293457031
152200,616.6322631835938,488.5614013671875,494.36163330078125,13.886682510375977
152300,616.6322631835938,495.055908203125,500.75653076171875,13.484256744384766
152400,616.6322631835938,497.0391845703125,502.7087097167969,13.308852195739746
152500,616.6322631835938,495.3985900878906,501.25860595703125,13.788355827331543
152600,616.6322631835938,493.39276123046875,499.2684631347656,13.851252555847168
152700,616.6322631835938,490.37884521484375,496.2728576660156,13.87252140045166
152800,616.6322631835938,487.8380126953125,493.80474853515625,14.081279754638672
152900,616.6322631835938,489.2178649902344,495.1373291015625,13.929516792297363
153000,616.6322631835938,485.7333984375,491.7018737792969,14.04110050201416
153100,616.6322631835938,491.59588623046875,497.4442443847656,13.82571792602539
153200,616.6322631835938,490.14483642578125,496.01470947265625,13.872184753417969
153300,616.6322631835938,493.2788391113281,499.0850830078125,13.618247032165527
153400,616.6322631835938,491.06243896484375,496.8325500488281,13.667988777160645
153500,616.6322631835938,491.0052185058594,496.8114929199219,13.762383460998535
153600,616.6322631835938,493.6425476074219,499.4684143066406,13.744318962097168
153700,616.6322631835938,494.22314453125,500.1687316894531,14.02710247039795
153800,616.6322631835938,488.1635437011719,494.1797180175781,14.194290161132812
153900,616.6322631835938,495.69000244140625,501.5401611328125,13.721869468688965
154000,616.6322631835938,490.29388427734375,496.26287841796875,14.105937957763672
154100,616.6322631835938,480.9541320800781,487.0292663574219,14.55681324005127
154200,616.6322631835938,487.3078918457031,493.23797607421875,14.08739948272705
154300,616.6322631835938,486.2308349609375,492.2520446777344,14.202882766723633
154400,616.6322631835938,483.8457336425781,489.8385925292969,14.213996887207031
154500,616.6322631835938,488.20916748046875,494.08642578125,13.874861717224121
154600,616.6322631835938,488.45391845703125,494.264404296875,13.885589599609375
154700,616.6322631835938,488.226318359375,494.05767822265625,13.922491073608398
154800,616.6322631835938,487.1932373046875,493.0746154785156,14.015619277954102
154900,616.6322631835938,491.2601013183594,497.0967712402344,13.84330940246582
155000,616.6322631835938,497.4502258300781,503.17486572265625,13.50399112701416
155100,616.6322631835938,500.40765380859375,506.0624084472656,13.30860710144043
155200,616.6322631835938,503.3711242675781,508.9732360839844,13.098753929138184
155300,616.6322631835938,502.26776123046875,507.8777770996094,13.077906608581543
155400,616.6322631835938,500.7133483886719,506.44354248046875,13.29651165008545
155500,616.6322631835938,501.354248046875,507.02642822265625,13.232392311096191
155600,616.6322631835938,498.36968994140625,504.0326843261719,13.247604370117188
155700,616.6322631835938,498.86785888671875,504.49359130859375,13.1317138671875
155800,616.6322631835938,500.0940246582031,505.7718200683594,13.207244873046875
155900,616.6322631835938,496.5644226074219,502.2781066894531,13.432212829589844
156000,616.6322631835938,501.5402526855469,507.1761779785156,13.16357421875
156100,616.6322631835938,496.67578125,502.3810119628906,13.547747611999512
156200,616.6322631835938,493.7571716308594,499.4808044433594,13.59608268737793
156300,616.6322631835938,495.7632751464844,501.43328857421875,13.464292526245117
156400,616.6322631835938,495.4481201171875,501.1908264160156,13.480332374572754
156500,616.6322631835938,491.3138122558594,497.0345458984375,13.571370124816895
156600,616.6322631835938,489.6309814453125,495.3797607421875,13.638392448425293
156700,616.6322631835938,488.3941955566406,494.2054748535156,13.776869773864746
156800,616.6322631835938,492.1441650390625,497.97259521484375,13.701886177062988
156900,616.6322631835938,497.1337585449219,502.886962890625,13.419565200805664
157000,616.6322631835938,498.2975158691406,504.1364440917969,13.578320503234863
157100,616.6322631835938,497.7720642089844,503.49578857421875,13.402792930603027
157200,616.6322631835938,498.07452392578125,503.8603515625,13.591370582580566
157300,616.6322631835938,499.22406005859375,505.013916015625,13.499992370605469
157400,616.6322631835938,493.0932922363281,498.9318542480469,13.750016212463379
157500,616.6322631835938,490.6651611328125,496.60296630859375,13.917793273925781
157600,616.6322631835938,490.2046813964844,496.2481384277344,14.102699279785156
157700,616.6322631835938,487.7005310058594,493.6679992675781,14.063484191894531
157800,616.6322631835938,483.9765625,489.9997253417969,14.22000503540039
157900,616.6322631835938,489.9154968261719,495.76446533203125,13.81567096710205
158000,616.6322631835938,486.6911315917969,492.6160888671875,13.944901466369629
158100,616.6322631835938,491.7818603515625,497.6168518066406,13.633577346801758
158200,616.6322631835938,496.9877014160156,502.6993408203125,13.31918716430664
158300,616.6322631835938,493.8011779785156,499.6563720703125,13.64468765258789
158400,616.6322631835938,499.6459655761719,505.38177490234375,13.315556526184082
158500,616.6322631835938,498.2408447265625,503.9974670410156,13.377277374267578
158600,616.6322631835938,500.8744201660156,506.5758056640625,13.234977722167969
158700,616.6322631835938,498.0554504394531,503.8327331542969,13.365150451660156
158800,616.6322631835938,499.2418518066406,504.9625244140625,13.315783500671387
158900,616.6322631835938,498.84222412109375,504.5238037109375,13.304520606994629
159000,616.6322631835938,496.00830078125,501.6758728027344,13.403575897216797
159100,616.6322631835938,498.7887878417969,504.4109191894531,13.205617904663086
159200,616.6322631835938,485.7068176269531,491.4569396972656,13.772730827331543
159300,616.6322631835938,485.3494567871094,491.30657958984375,14.02303695678711
159400,616.6322631835938,490.37982177734375,496.24957275390625,13.818499565124512
159500,616.6322631835938,494.3276062011719,500.09820556640625,13.589425086975098
159600,616.6322631835938,498.5847473144531,504.26214599609375,13.31143569946289
159700,616.6322631835938,497.51885986328125,503.2584228515625,13.467972755432129
159800,616.6322631835938,488.6493225097656,494.6363220214844,14.205182075500488
159900,616.6322631835938,489.0020751953125,494.9266662597656,14.013245582580566
160000,616.6322631835938,485.1981201171875,491.1339416503906,14.177811622619629
160100,616.6322631835938,489.797119140625,495.60345458984375,13.86184024810791
160200,616.6322631835938,493.844970703125,499.722900390625,13.84824275970459
160300,616.6322631835938,494.3987731933594,500.1727600097656,13.633686065673828
160400,616.6322631835938,492.7781066894531,498.5261535644531,13.634208679199219
160500,616.6322631835938,490.2667541503906,496.1656799316406,13.962295532226562
160600,616.6322631835938,493.6527404785156,499.4994201660156,13.728991508483887
160700,616.6322631835938,488.79168701171875,494.7012023925781,13.983487129211426
160800,616.6322631835938,487.1736755371094,493.08746337890625,13.97883129119873
160900,616.6322631835938,486.27001953125,492.24273681640625,14.051017761230469
161000,616.6322631835938,492.006103515625,497.8290710449219,13.654470443725586
161100,616.6322631835938,492.7538757324219,498.66693115234375,13.91254711151123
161200,616.6322631835938,495.4940185546875,501.3775939941406,13.806290626525879
161300,616.6322631835938,500.4051818847656,506.1173400878906,13.364014625549316
161400,616.6322631835938,497.2171630859375,502.9653625488281,13.51682186126709
161500,616.6322631835938,494.3887939453125,500.1871032714844,13.57649040222168
161600,616.6322631835938,495.5500793457031,501.30938720703125,13.526946067810059
161700,616.6322631835938,500.6833190917969,506.362548828125,13.266667366027832
161800,616.6322631835938,492.737060546875,498.6964111328125,13.797246932983398
161900,616.6322631835938,492.6589660644531,498.5918884277344,13.84350299835205
162000,616.6322631835938,487.84918212890625,493.7575378417969,13.977252006530762
162100,616.6322631835938,493.27777099609375,499.0694580078125,13.617851257324219
162200,616.6322631835938,495.4942626953125,501.2835998535156,13.547045707702637
162300,616.6322631835938,494.72198486328125,500.4610595703125,13.458895683288574
162400,616.6322631835938,490.20947265625,496.0821838378906,13.755110740661621
162500,616.6322631835938,487.6837158203125,493.71868896484375,14.052192687988281
162600,616.6322631835938,485.00384521484375,491.0694885253906,14.242198944091797
162700,616.6322631835938,491.7012939453125,497.6383361816406,13.872635841369629
162800,616.6322631835938,491.46044921875,497.4495544433594,13.977757453918457
162900,616.6322631835938,495.5541076660156,501.3822021484375,13.641176223754883
163000,616.6322631835938,495.5436096191406,501.3512878417969,13.646794319152832
163100,616.6322631835938,498.69244384765625,504.4278564453125,13.481626510620117
163200,616.6322631835938,497.065185546875,502.8800964355469,13.767294883728027
163300,616.6322631835938,487.8634948730469,493.82354736328125,14.390833854675293
163400,616.6322631835938,486.64697265625,492.5598449707031,14.248494148254395
163500,616.6322631835938,482.6044616699219,488.56365966796875,14.28968334197998
163600,616.6322631835938,487.4702453613281,493.4475402832031,14.157336235046387
163700,616.6322631835938,490.14007568359375,496.1173095703125,14.022466659545898
163800,616.6322631835938,493.0724182128906,498.96917724609375,13.772778511047363
163900,616.6322631835938,483.0134582519531,489.0024108886719,14.406306266784668
164000,616.6322631835938,491.7275390625,497.5966491699219,13.88936996459961
164100,616.6322631835938,494.27301025390625,500.05535888671875,13.68282413482666
164200,616.6322631835938,495.628173828125,501.4071960449219,13.525654792785645
164300,616.6322631835938,499.88458251953125,505.64886474609375,13.36806583404541
164400,616.6322631835938,495.5686950683594,501.5608215332031,13.855558395385742
164500,616.6322631835938,492.4950256347656,498.4471130371094,13.883950233459473
164600,616.6322631835938,495.4272155761719,501.33526611328125,13.710213661193848
164700,616.6322631835938,497.932373046875,503.78106689453125,13.499517440795898
164800,616.6322631835938,494.2019348144531,500.21295166015625,13.907271385192871
164900,616.6322631835938,487.8559265136719,494.0266418457031,14.33137321472168
165000,616.6322631835938,489.4554443359375,495.4634704589844,13.974852561950684
165100,616.6322631835938,488.10943603515625,494.1368713378906,14.01589298248291
165200,616.6322631835938,492.634765625,498.55084228515625,13.774673461914062
165300,616.6322631835938,496.48583984375,502.24969482421875,13.4528169631958
165400,616.6322631835938,496.86395263671875,502.6084289550781,13.435521125793457
165500,616.6322631835938,492.7618103027344,498.6037292480469,13.770376205444336
165600,616.6322631835938,489.8769226074219,495.7220153808594,13.873414993286133
165700,616.6322631835938,493.5907897949219,499.4178771972656,13.646140098571777
165800,616.6322631835938,496.34722900390625,502.1003112792969,13.522249221801758
165900,616.6322631835938,485.1092529296875,490.9934997558594,14.140297889709473
166000,616.6322631835938,488.1709899902344,493.96087646484375,13.813109397888184
166100,616.6322631835938,483.17742919921875,489.0923767089844,14.040401458740234
166200,616.6322631835938,483.23193359375,489.1830139160156,14.070143699645996
166300,616.6322631835938,477.625244140625,483.65301513671875,14.376947402954102
166400,616.6322631835938,478.7659912109375,484.9544677734375,14.696855545043945
166500,616.6322631835938,487.2508850097656,493.20037841796875,14.10908031463623
166600,616.6322631835938,484.9742431640625,491.034912109375,14.386430740356445
166700,616.6322631835938,491.26495361328125,497.1224670410156,13.864309310913086
166800,616.6322631835938,492.4718017578125,498.3038024902344,13.856757164001465
166900,616.6322631835938,495.5278625488281,501.3158874511719,13.649055480957031
167000,616.6322631835938,496.83056640625,502.5576477050781,13.55605697631836
167100,616.6322631835938,497.6736145019531,503.4169006347656,13.587059020996094
167200,616.6322631835938,494.2487487792969,500.0631408691406,13.581015586853027
167300,616.6322631835938,496.92547607421875,502.8219299316406,13.704541206359863
167400,616.6322631835938,491.05218505859375,496.99652099609375,14.0751953125
167500,616.6322631835938,489.9746398925781,495.8838195800781,13.925151824951172
167600,616.6322631835938,496.3395690917969,502.1536560058594,13.587156295776367
167700,616.6322631835938,489.3368835449219,495.1703796386719,13.905109405517578
167800,616.6322631835938,483.7103576660156,489.6532287597656,14.312291145324707
167900,616.6322631835938,483.6870422363281,489.7330322265625,14.440481185913086
168000,616.6322631835938,484.07354736328125,490.0893249511719,14.401269912719727
168100,616.6322631835938,477.34210205078125,483.378173828125,14.395285606384277
168200,616.6322631835938,485.1186828613281,491.0679931640625,14.0601224899292
168300,616.6322631835938,490.03375244140625,495.9172058105469,13.870015144348145
168400,616.6322631835938,489.77978515625,495.71160888671875,13.962239265441895
168500,616.6322631835938,496.1976318359375,502.0015869140625,13.604216575622559
168600,616.6322631835938,495.4151306152344,501.19049072265625,13.561379432678223
168700,616.6322631835938,498.4896545410156,504.1524963378906,13.288395881652832
168800,616.6322631835938,487.99053955078125,493.948486328125,14.013673782348633
168900,616.6322631835938,487.8869934082031,493.8222351074219,13.90536880493164
169000,616.6322631835938,496.03570556640625,501.7919006347656,13.432351112365723
169100,616.6322631835938,500.52587890625,506.1802062988281,13.187870025634766
169200,616.6322631835938,489.535400390625,495.3125,13.553441047668457
169300,616.6322631835938,487.7049255371094,493.5252685546875,13.750457763671875
169400,616.6322631835938,487.2576904296875,493.06494140625,13.739457130432129
169500,616.6322631835938,489.6335754394531,495.3799133300781,13.551074028015137
169600,616.6322631835938,486.8662414550781,492.7264404296875,13.953187942504883
169700,616.6322631835938,494.4478454589844,500.2079772949219,13.592680931091309
169800,616.6322631835938,499.7082214355469,505.48052978515625,13.465156555175781
169900,616.6322631835938,497.71673583984375,503.454833984375,13.441680908203125
170000,616.6322631835938,490.57452392578125,496.2980651855469,13.642288208007812
170100,616.6322631835938,486.3861999511719,492.2300720214844,14.032511711120605
170200,616.6322631835938,490.3886413574219,496.2398376464844,13.968247413635254
170300,616.6322631835938,492.7207336425781,498.5802307128906,13.91640853881836
170400,616.6322631835938,486.5544128417969,492.5636901855469,14.203655242919922
170500,616.6322631835938,484.6364440917969,490.66473388671875,14.44540023803711
170600,616.6322631835938,487.96075439453125,493.8777160644531,14.093937873840332
170700,616.6322631835938,486.0773010253906,492.0411071777344,14.058419227600098
170800,616.6322631835938,487.5425109863281,493.51092529296875,13.927047729492188
170900,616.6322631835938,490.5820617675781,496.4027404785156,13.68199634552002
171000,616.6322631835938,485.02008056640625,490.9190368652344,13.932043075561523
171100,616.6322631835938,485.7051696777344,491.57666015625,13.961543083190918
171200,616.6322631835938,486.7770080566406,492.61328125,13.836228370666504
171300,616.6322631835938,482.9890441894531,488.89691162109375,14.147831916809082
171400,616.6322631835938,485.40594482421875,491.2743225097656,13.9627685546875
171500,616.6322631835938,485.8984069824219,491.8180236816406,14.026331901550293
171600,616.6322631835938,491.9855651855469,497.8015441894531,13.745904922485352
171700,616.6322631835938,494.390380859375,500.1513366699219,13.57128620147705
171800,616.6322631835938,493.1590881347656,498.9567565917969,13.663008689880371
171900,616.6322631835938,491.22027587890625,497.08905029296875,13.852835655212402
172000,616.6322631835938,488.02197265625,493.9669494628906,14.111160278320312
172100,616.6322631835938,485.5834655761719,491.5204772949219,14.098891258239746
172200,616.6322631835938,482.08807373046875,488.1163330078125,14.280179023742676
172300,616.6322631835938,490.7422180175781,496.637939453125,13.819915771484375
172400,616.6322631835938,489.8088684082031,495.7283935546875,13.855905532836914
172500,616.6322631835938,489.5615234375,495.5780029296875,14.059980392456055
172600,616.6322631835938,488.5552978515625,494.5574951171875,14.049443244934082
172700,616.6322631835938,494.7247619628906,500.5874938964844,13.67299747467041
172800,616.6322631835938,496.1331481933594,501.93707275390625,13.551200866699219
172900,616.6322631835938,494.03717041015625,499.92431640625,13.692483901977539
173000,616.6322631835938,495.51763916015625,501.52410888671875,13.810506820678711
173100,616.6322631835938,488.5413818359375,494.681884765625,14.30455493927002
173200,616.6322631835938,489.4000244140625,495.4411315917969,14.150179862976074
173300,616.6322631835938,495.7514343261719,501.6085205078125,13.652796745300293
173400,616.6322631835938,494.1941833496094,500.0359802246094,13.677925109863281
173500,616.6322631835938,490.7047119140625,496.5610656738281,13.822044372558594
173600,616.6322631835938,482.8669128417969,488.8358459472656,14.265152931213379
173700,616.6322631835938,491.2445373535156,497.0601501464844,13.802486419677734
173800,616.6322631835938,487.7422790527344,493.6350402832031,13.991272926330566
173900,616.6322631835938,493.1524658203125,498.9207458496094,13.598769187927246
174000,616.6322631835938,499.7369079589844,505.46893310546875,13.404091835021973
174100,616.6322631835938,503.7115783691406,509.34405517578125,13.134709358215332
174200,616.6322631835938,500.89837646484375,506.5793762207031,13.305036544799805
174300,616.6322631835938,501.285888671875,506.9715576171875,13.361193656921387
174400,616.6322631835938,501.4537353515625,507.1790466308594,13.453871726989746
174500,616.6322631835938,497.7665100097656,503.5179138183594,13.475193977355957
174600,616.6322631835938,494.2864074707031,500.1468200683594,13.781085968017578
174700,616.6322631835938,497.8194580078125,503.7570495605469,13.803482055664062
174800,616.6322631835938,497.60687255859375,503.55902099609375,13.812728881835938
174900,616.6322631835938,496.48126220703125,502.486328125,13.892796516418457
175000,616.6322631835938,493.40814208984375,499.383544921875,13.931946754455566
175100,616.6322631835938,489.14990234375,495.2215881347656,14.2953462600708
175200,616.6322631835938,480.6849365234375,486.81781005859375,14.62785530090332
175300,616.6322631835938,482.15234375,488.2218017578125,14.434479713439941
175400,616.6322631835938,482.8691711425781,488.9215087890625,14.365754127502441
175500,616.6322631835938,487.9452819824219,493.9168701171875,14.01340389251709
175600,616.6322631835938,477.1156311035156,483.2298278808594,14.546930313110352
175700,616.6322631835938,479.87603759765625,486.0093994140625,14.447765350341797
175800,616.6322631835938,485.7948913574219,491.7947082519531,14.262164115905762
175900,616.6322631835938,488.805908203125,494.6847839355469,13.977638244628906
176000,616.6322631835938,481.9340515136719,487.9467468261719,14.255828857421875
176100,616.6322631835938,485.5843811035156,491.5133361816406,14.106305122375488
176200,616.6322631835938,487.00341796875,493.0401916503906,14.176708221435547
176300,616.6322631835938,488.89239501953125,495.02001953125,14.324088096618652
176400,616.6322631835938,493.3456115722656,499.3511657714844,14.064718246459961
176500,616.6322631835938,489.23089599609375,495.3600158691406,14.373235702514648
176600,616.6322631835938,496.9272766113281,502.81207275390625,13.742742538452148
176700,616.6322631835938,494.1160583496094,500.04534912109375,13.880528450012207
176800,616.6322631835938,495.9097595214844,501.8525695800781,13.846590042114258
176900,616.6322631835938,488.63714599609375,494.7525634765625,14.193565368652344
177000,616.6322631835938,486.0977783203125,492.3383483886719,14.415204048156738
177100,616.6322631835938,490.9881896972656,496.997314453125,13.897589683532715
177200,616.6322631835938,490.9951477050781,497.0335693359375,13.991682052612305
177300,616.6322631835938,493.7828369140625,499.7583312988281,13.850994110107422
177400,616.6322631835938,489.1586608886719,495.0983581542969,14.052356719970703
177500,616.6322631835938,493.0810241699219,498.9833679199219,13.941754341125488
177600,616.6322631835938,492.56842041015625,498.4986572265625,14.047285079956055
177700,616.6322631835938,492.9835205078125,498.84881591796875,13.895423889160156
177800,616.6322631835938,490.23333740234375,496.1460266113281,14.012618064880371
177900,616.6322631835938,492.46124267578125,498.2897033691406,13.804649353027344
178000,616.6322631835938,494.9283447265625,500.6977844238281,13.600142478942871
178100,616.6322631835938,499.9524841308594,505.64080810546875,13.331669807434082
178200,616.6322631835938,493.32122802734375,499.0614013671875,13.505853652954102
178300,616.6322631835938,489.4355773925781,495.3271179199219,13.969794273376465
178400,616.6322631835938,493.48394775390625,499.2994079589844,13.76912784576416
178500,616.6322631835938,495.1278991699219,501.03546142578125,13.837136268615723
178600,616.6322631835938,491.7730407714844,497.7242126464844,13.918781280517578
178700,616.6322631835938,490.9658508300781,496.97540283203125,14.110426902770996
178800,616.6322631835938,485.3973693847656,491.3681945800781,14.239982604980469
178900,616.6322631835938,490.6409606933594,496.47662353515625,13.873970031738281
179000,616.6322631835938,491.7772216796875,497.5877380371094,13.71761417388916
179100,616.6322631835938,485.82269287109375,491.7952575683594,14.162755966186523
179200,616.6322631835938,488.3173522949219,494.29144287109375,14.166360855102539
179300,616.6322631835938,493.4851379394531,499.36346435546875,13.892217636108398
179400,616.6322631835938,490.82904052734375,496.6811828613281,13.981691360473633
179500,616.6322631835938,487.0790710449219,493.10223388671875,14.219339370727539
179600,616.6322631835938,478.5534973144531,484.75640869140625,14.756702423095703
179700,616.6322631835938,481.9256591796875,488.0164794921875,14.405710220336914
179800,616.6322631835938,489.4594421386719,495.3902587890625,14.00151252746582
179900,616.6322631835938,490.4650573730469,496.28363037109375,13.790271759033203
180000,616.6322631835938,490.9433898925781,496.8825988769531,13.933982849121094
180100,616.6322631835938,492.3045959472656,498.3573303222656,14.119709014892578
180200,616.6322631835938,492.980712890625,498.9529113769531,13.935956954956055
180300,616.6322631835938,483.0692443847656,489.13470458984375,14.256538391113281
180400,616.6322631835938,492.9371032714844,498.8612976074219,13.82962703704834
180500,616.6322631835938,485.6597900390625,491.72003173828125,14.269457817077637
180600,616.6322631835938,484.69482421875,490.75750732421875,14.359296798706055
180700,616.6322631835938,487.627685546875,493.5531311035156,14.006891250610352
180800,616.6322631835938,485.6130676269531,491.6616516113281,14.34744644165039
180900,616.6322631835938,489.4457092285156,495.4531555175781,14.19297981262207
181000,616.6322631835938,490.4043884277344,496.4063415527344,14.166196823120117
181100,616.6322631835938,484.8940124511719,490.9978942871094,14.436585426330566
181200,616.6322631835938,487.0572204589844,493.0899353027344,14.284954071044922
181300,616.6322631835938,486.2523193359375,492.3547058105469,14.30190372467041
181400,616.6322631835938,488.4421081542969,494.4779968261719,14.083008766174316
181500,616.6322631835938,488.1355285644531,494.1462707519531,14.015929222106934
181600,616.6322631835938,485.11798095703125,491.12030029296875,14.055805206298828
181700,616.6322631835938,485.6596374511719,491.7652587890625,14.17518424987793
181800,616.6322631835938,491.45904541015625,497.378173828125,13.811864852905273
181900,616.6322631835938,493.6498107910156,499.5874328613281,13.818562507629395
182000,616.6322631835938,493.3705139160156,499.3004150390625,13.770975112915039
182100,616.6322631835938,496.02984619140625,501.9226989746094,13.648198127746582
182200,616.6322631835938,497.1096496582031,502.9738464355469,13.695930480957031
182300,616.6322631835938,492.9629211425781,498.8689880371094,13.974549293518066
182400,616.6322631835938,496.66888427734375,502.51971435546875,13.788727760314941
182500,616.6322631835938,485.8309631347656,491.8113098144531,14.208032608032227
182600,616.6322631835938,484.2325744628906,490.2048034667969,14.16154670715332
182700,616.6322631835938,483.9850158691406,489.9701232910156,14.121979713439941
182800,616.6322631835938,488.95281982421875,494.88189697265625,13.934737205505371
182900,616.6322631835938,494.02740478515625,499.87042236328125,13.676834106445312
183000,616.6322631835938,477.7669982910156,483.84649658203125,14.385143280029297
183100,616.6322631835938,485.6169738769531,491.5903625488281,14.023839950561523
183200,616.6322631835938,478.67462158203125,484.79010009765625,14.444007873535156
183300,616.6322631835938,481.4252014160156,487.4405517578125,14.296934127807617
183400,616.6322631835938,479.9184265136719,485.8359069824219,14.19659423828125
183500,616.6322631835938,484.8931579589844,490.8547668457031,14.159921646118164
183600,616.6322631835938,482.71484375,488.7764892578125,14.183819770812988
183700,616.6322631835938,485.3214111328125,491.37408447265625,14.13965892791748
183800,616.6322631835938,478.15948486328125,484.3253479003906,14.635987281799316
183900,616.6322631835938,478.8927917480469,484.95892333984375,14.427713394165039
184000,616.6322631835938,483.86529541015625,489.8722229003906,14.168570518493652
184100,616.6322631835938,491.3276062011719,497.1894226074219,13.758918762207031
184200,616.6322631835938,496.0591125488281,501.8647766113281,13.510232925415039
184300,616.6322631835938,494.3878173828125,500.179931640625,13.557454109191895
184400,616.6322631835938,494.7291259765625,500.514404296875,13.489108085632324
184500,616.6322631835938,494.4227600097656,500.2003479003906,13.448524475097656
184600,616.6322631835938,495.8867492675781,501.7016296386719,13.466437339782715
184700,616.6322631835938,495.33099365234375,501.05535888671875,13.375100135803223
184800,616.6322631835938,490.9591064453125,496.7839050292969,13.688128471374512
184900,616.6322631835938,491.7137145996094,497.57330322265625,13.860918045043945
185000,616.6322631835938,486.9056091308594,492.8153381347656,14.101951599121094
185100,616.6322631835938,484.7073974609375,490.6966552734375,14.161815643310547
185200,616.6322631835938,477.08563232421875,483.1893310546875,14.567726135253906
185300,616.6322631835938,479.2743225097656,485.30889892578125,14.365047454833984
185400,616.6322631835938,483.6573181152344,489.73651123046875,14.268003463745117
185500,616.6322631835938,485.5127868652344,491.47882080078125,14.116272926330566
185600,616.6322631835938,487.14666748046875,493.2087097167969,14.298233032226562
185700,616.6322631835938,488.6366882324219,494.6815490722656,14.246580123901367
185800,616.6322631835938,495.07061767578125,500.9197082519531,13.743555068969727
185900,616.6322631835938,492.21197509765625,498.04644775390625,13.749629020690918
186000,616.6322631835938,492.10235595703125,497.9085998535156,13.718828201293945
186100,616.6322631835938,487.5152587890625,493.3250427246094,13.766356468200684
186200,616.6322631835938,488.6789855957031,494.571044921875,13.894225120544434
186300,616.6322631835938,495.66119384765625,501.45770263671875,13.543706893920898
186400,616.6322631835938,491.4626159667969,497.3074645996094,13.775310516357422
186500,616.6322631835938,491.808349609375,497.6436462402344,13.668593406677246
186600,616.6322631835938,492.2259826660156,498.043701171875,13.73233413696289
186700,616.6322631835938,493.2471008300781,498.9803161621094,13.57081413269043
186800,616.6322631835938,495.8645935058594,501.61578369140625,13.493993759155273
186900,616.6322631835938,493.6231994628906,499.52716064453125,13.937812805175781
187000,616.6322631835938,485.2679748535156,491.3868103027344,14.513004302978516
187100,616.6322631835938,487.2062683105469,493.2804260253906,14.319994926452637
187200,616.6322631835938,490.2725524902344,496.2796630859375,14.065228462219238
187300,616.6322631835938,480.4306945800781,486.5857849121094,14.534770011901855
187400,616.6322631835938,486.3797302246094,492.3775939941406,14.099618911743164
187500,616.6322631835938,490.9841613769531,496.9163818359375,14.024772644042969
187600,616.6322631835938,490.97247314453125,496.804931640625,13.83326244354248
187700,616.6322631835938,491.1343994140625,496.96826171875,13.853743553161621
187800,616.6322631835938,489.7420654296875,495.5724182128906,13.81215763092041
187900,616.6322631835938,490.4071350097656,496.22576904296875,13.732266426086426
188000,616.6322631835938,492.4475402832031,498.1905517578125,13.554915428161621
188100,616.6322631835938,493.6826171875,499.4590759277344,13.53424072265625
188200,616.6322631835938,489.5169677734375,495.31182861328125,13.5910005569458
188300,616.6322631835938,495.1589660644531,500.88824462890625,13.387923240661621
188400,616.6322631835938,498.8014831542969,504.5125732421875,13.3455171585083
188500,616.6322631835938,498.9710998535156,504.7457580566406,13.403877258300781
188600,616.6322631835938,488.10650634765625,494.06036376953125,14.074996948242188
188700,616.6322631835938,486.79620361328125,492.74127197265625,14.048481941223145
188800,616.6322631835938,493.2237548828125,499.1044921875,13.777393341064453
188900,616.6322631835938,500.0986633300781,505.8605651855469,13.415136337280273
189000,616.6322631835938,488.9219970703125,494.82281494140625,14.089306831359863
189100,616.6322631835938,486.0737609863281,492.078369140625,14.244033813476562
189200,616.6322631835938,487.2875061035156,493.274658203125,14.083751678466797
189300,616.6322631835938,488.89056396484375,494.843017578125,14.013471603393555
189400,616.6322631835938,488.5796203613281,494.5343322753906,14.0919771194458
189500,616.6322631835938,491.1039123535156,497.0010681152344,13.901156425476074
189600,616.6322631835938,493.1962585449219,499.0177307128906,13.738899230957031
189700,616.6322631835938,489.9392395019531,495.796630859375,13.867873191833496
189800,616.6322631835938,484.1595764160156,490.02960205078125,14.04305648803711
189900,616.6322631835938,488.9021301269531,494.7189636230469,13.800987243652344
190000,616.6322631835938,488.8602294921875,494.7083435058594,13.827229499816895
190100,616.6322631835938,493.8055114746094,499.5826110839844,13.527886390686035
190200,616.6322631835938,497.3665466308594,503.0788879394531,13.355737686157227
190300,616.6322631835938,495.458740234375,501.24090576171875,13.549219131469727
190400,616.6322631835938,498.7294921875,504.4059753417969,13.306103706359863
190500,616.6322631835938,499.394287109375,505.0829772949219,13.269171714782715
190600,616.6322631835938,496.42327880859375,502.2043151855469,13.387039184570312
190700,616.6322631835938,493.003662109375,498.92559814453125,13.819437980651855
190800,616.6322631835938,494.8324279785156,500.8157958984375,13.832720756530762
190900,616.6322631835938,492.79046630859375,498.7127380371094,13.825607299804688
191000,616.6322631835938,495.7516784667969,501.6355285644531,13.62765884399414
191100,616.6322631835938,494.31640625,500.19384765625,13.600870132446289
191200,616.6322631835938,492.6298828125,498.47711181640625,13.715081214904785
191300,616.6322631835938,493.713623046875,499.51605224609375,13.665682792663574
191400,616.6322631835938,494.3440856933594,500.12005615234375,13.56674575805664
191500,616.6322631835938,485.96832275390625,492.0093994140625,14.354825973510742
191600,616.6322631835938,485.6134338378906,491.6623840332031,14.35940170288086
191700,616.6322631835938,483.7333984375,489.7953186035156,14.442425727844238
191800,616.6322631835938,485.4963684082031,491.4809875488281,14.245649337768555
191900,616.6322631835938,481.9935302734375,488.004150390625,14.487605094909668
192000,616.6322631835938,488.6900634765625,494.5424499511719,14.026643753051758
192100,616.6322631835938,490.7866516113281,496.6941223144531,13.917742729187012
192200,616.6322631835938,494.59820556640625,500.4653015136719,13.751337051391602
192300,616.6322631835938,497.19854736328125,502.975341796875,13.57516860961914
192400,616.6322631835938,489.21063232421875,495.22509765625,14.056140899658203
192500,616.6322631835938,490.0943908691406,496.0281982421875,13.951942443847656
192600,616.6322631835938,489.3976135253906,495.268310546875,13.924492835998535
192700,616.6322631835938,490.42547607421875,496.3761901855469,13.908524513244629
192800,616.6322631835938,495.4261474609375,501.25152587890625,13.594707489013672
192900,616.6322631835938,487.9337463378906,493.8329162597656,13.92037582397461
193000,616.6322631835938,490.8682861328125,496.70916748046875,13.659869194030762
193100,616.6322631835938,487.1030578613281,492.9751281738281,13.93089485168457
193200,616.6322631835938,495.5788879394531,501.30828857421875,13.548983573913574
193300,616.6322631835938,492.0828857421875,497.8675231933594,13.764205932617188
193400,616.6322631835938,495.5897216796875,501.3251647949219,13.601872444152832
193500,616.6322631835938,494.80718994140625,500.5938415527344,13.821038246154785
193600,616.6322631835938,493.4495849609375,499.35711669921875,13.96467113494873
193700,616.6322631835938,484.5699157714844,490.6801452636719,14.535928726196289
193800,616.6322631835938,484.5078430175781,490.59130859375,14.337695121765137
193900,616.6322631835938,488.213134765625,494.2027282714844,14.122511863708496
194000,616.6322631835938,493.925537109375,499.7876892089844,13.789262771606445
194100,616.6322631835938,496.4521484375,502.24688720703125,13.623909950256348
194200,616.6322631835938,497.63299560546875,503.43243408203125,13.543142318725586
194300,616.6322631835938,498.4727478027344,504.234619140625,13.503445625305176
194400,616.6322631835938,492.6141662597656,498.6162109375,14.129419326782227
194500,616.6322631835938,491.2080383300781,497.15826416015625,14.07545280456543
194600,616.6322631835938,489.9405517578125,495.8331604003906,13.917526245117188
194700,616.6322631835938,490.54827880859375,496.36663818359375,13.791897773742676
194800,616.6322631835938,485.2785339355469,491.1092834472656,14.031203269958496
194900,616.6322631835938,485.93109130859375,491.70587158203125,13.95160961151123
195000,616.6322631835938,490.0865173339844,495.8347473144531,13.721163749694824
195100,616.6322631835938,496.7868347167969,502.4501953125,13.406867980957031
195200,616.6322631835938,490.1761779785156,495.8899230957031,13.742606163024902
195300,616.6322631835938,493.5701599121094,499.2236633300781,13.52188777923584
195400,616.6322631835938,496.2574768066406,501.9431457519531,13.445592880249023
195500,616.6322631835938,493.1185607910156,498.8191223144531,13.61816692352295
195600,616.6322631835938,495.6182861328125,501.3955078125,13.707056045532227
195700,616.6322631835938,487.5650939941406,493.63189697265625,14.26417064666748
195800,616.6322631835938,485.07940673828125,491.2314758300781,14.481035232543945
195900,616.6322631835938,489.7714538574219,495.7779541015625,14.016072273254395
196000,616.6322631835938,485.9378356933594,491.90533447265625,14.022611618041992
196100,616.6322631835938,486.28607177734375,492.336669921875,14.217039108276367
196200,616.6322631835938,485.0540466308594,491.1404724121094,14.216401100158691
196300,616.6322631835938,489.12506103515625,495.0504455566406,13.910714149475098
196400,616.6322631835938,489.1914978027344,495.14727783203125,13.918432235717773
196500,616.6322631835938,489.78143310546875,495.6834411621094,13.837532997131348
196600,616.6322631835938,493.8352966308594,499.7667541503906,13.86439037322998
196700,616.6322631835938,492.5389099121094,498.4599304199219,13.91960620880127
196800,616.6322631835938,492.07049560546875,497.9424743652344,13.731059074401855
196900,616.6322631835938,493.8453063964844,499.61480712890625,13.563770294189453
197000,616.6322631835938,494.25921630859375,499.9491882324219,13.451658248901367
197100,616.6322631835938,476.7704772949219,482.65045166015625,14.283685684204102
197200,616.6322631835938,486.3613586425781,492.12451171875,13.8638334274292
197300,616.6322631835938,483.5179748535156,489.388916015625,14.059535026550293
197400,616.6322631835938,477.8412780761719,483.9468078613281,14.52223014831543
197500,616.6322631835938,487.81951904296875,493.77557373046875,14.081949234008789
197600,616.6322631835938,494.2644348144531,500.2265930175781,13.927139282226562
197700,616.6322631835938,491.6909484863281,497.724853515625,14.216686248779297
197800,616.6322631835938,496.12139892578125,501.9678955078125,13.782695770263672
197900,616.6322631835938,497.3141174316406,503.1003723144531,13.566864967346191
198000,616.6322631835938,497.7144775390625,503.5293273925781,13.542411804199219
198100,616.6322631835938,491.3426208496094,497.19354248046875,13.851256370544434
198200,616.6322631835938,496.1241149902344,501.91119384765625,13.588709831237793
198300,616.6322631835938,485.0242004394531,491.0439147949219,14.162544250488281
198400,616.6322631835938,485.9975891113281,491.9971923828125,14.131657600402832
198500,616.6322631835938,487.6466369628906,493.6925964355469,14.28855037689209
198600,616.6322631835938,482.15155029296875,488.2435607910156,14.474498748779297
198700,616.6322631835938,479.48175048828125,485.6158752441406,14.716938972473145
198800,616.6322631835938,481.48101806640625,487.671142578125,14.67147159576416
198900,616.6322631835938,483.4934997558594,489.6672668457031,14.536709785461426
199000,616.6322631835938,489.30426025390625,495.2841491699219,14.175867080688477
199100,616.6322631835938,491.14422607421875,497.0748596191406,13.999176979064941
199200,616.6322631835938,493.9130554199219,499.8454284667969,13.853094100952148
199300,616.6322631835938,491.6240234375,497.5061340332031,13.924867630004883
199400,616.6322631835938,489.6938171386719,495.5688171386719,13.929937362670898
199500,616.6322631835938,491.32904052734375,497.14520263671875,13.772931098937988
199600,616.6322631835938,488.40478515625,494.2183837890625,13.8134126663208
199700,616.6322631835938,495.7023620605469,501.4117126464844,13.463231086730957
199800,616.6322631835938,495.0243225097656,500.83380126953125,13.640835762023926
199900,616.6322631835938,495.96722412109375,501.737060546875,13.630459785461426
